
# name: data
# type: scalar struct
# ndims: 2
 1 1
# length: 5
# name: Intk_Air_Temp
# type: matrix
# rows: 1
# columns: 2627
 51.0 51.0 51.0 51.0 51.0 52.0 52.0 52.0 52.0 52.0 52.0 52.0 52.0 52.0 52.0 52.0 52.0 52.0 52.0 52.0 52.0 52.0 52.0 52.0 52.0 53.0 53.0 53.0 53.0 53.0 53.0 53.0 53.0 53.0 53.0 54.0 54.0 54.0 54.0 54.0 54.0 54.0 54.0 54.0 54.0 54.0 54.0 54.0 54.0 54.0 54.0 54.0 54.0 53.0 53.0 53.0 53.0 52.0 52.0 52.0 52.0 52.0 52.0 52.0 52.0 51.0 51.0 51.0 51.0 51.0 51.0 51.0 51.0 51.0 51.0 51.0 52.0 51.0 51.0 52.0 53.0 53.0 52.0 53.0 52.0 52.0 52.0 51.0 51.0 51.0 51.0 50.0 50.0 49.0 49.0 49.0 48.0 48.0 48.0 48.0 48.0 47.0 47.0 47.0 46.0 46.0 45.0 45.0 45.0 44.0 43.0 43.0 43.0 43.0 43.0 43.0 43.0 43.0 43.0 43.0 43.0 43.0 43.0 42.0 42.0 42.0 42.0 42.0 42.0 42.0 42.0 42.0 42.0 42.0 42.0 42.0 42.0 42.0 42.0 42.0 42.0 42.0 42.0 42.0 42.0 41.0 41.0 41.0 41.0 41.0 41.0 41.0 41.0 41.0 41.0 41.0 41.0 41.0 40.0 40.0 41.0 40.0 41.0 41.0 41.0 40.0 40.0 40.0 41.0 41.0 40.0 39.0 39.0 39.0 39.0 39.0 39.0 39.0 40.0 39.0 39.0 39.0 39.0 39.0 39.0 39.0 39.0 40.0 39.0 39.0 39.0 40.0 39.0 39.0 39.0 39.0 39.0 39.0 40.0 39.0 39.0 39.0 40.0 40.0 40.0 40.0 40.0 40.0 40.0 40.0 40.0 40.0 40.0 40.0 40.0 40.0 40.0 40.0 41.0 41.0 41.0 41.0 41.0 41.0 41.0 41.0 41.0 41.0 41.0 41.0 41.0 41.0 41.0 41.0 41.0 41.0 41.0 41.0 41.0 41.0 41.0 41.0 41.0 41.0 41.0 41.0 41.0 41.0 41.0 41.0 41.0 41.0 41.0 41.0 41.0 41.0 40.0 40.0 40.0 40.0 40.0 40.0 40.0 39.0 39.0 40.0 39.0 39.0 39.0 39.0 39.0 39.0 39.0 39.0 39.0 39.0 39.0 38.0 38.0 38.0 38.0 38.0 38.0 38.0 37.0 37.0 37.0 37.0 37.0 37.0 37.0 37.0 37.0 37.0 37.0 37.0 36.0 36.0 36.0 36.0 36.0 36.0 36.0 36.0 36.0 36.0 36.0 36.0 36.0 36.0 36.0 36.0 36.0 35.0 35.0 35.0 35.0 35.0 35.0 35.0 35.0 35.0 35.0 35.0 36.0 36.0 36.0 36.0 36.0 36.0 36.0 36.0 36.0 36.0 36.0 36.0 36.0 36.0 37.0 37.0 37.0 37.0 37.0 36.0 36.0 36.0 36.0 36.0 36.0 36.0 36.0 36.0 36.0 36.0 36.0 36.0 36.0 36.0 36.0 36.0 36.0 36.0 36.0 36.0 36.0 36.0 36.0 36.0 36.0 36.0 36.0 36.0 36.0 36.0 36.0 36.0 36.0 36.0 36.0 36.0 36.0 36.0 36.0 36.0 36.0 36.0 36.0 36.0 36.0 36.0 36.0 36.0 36.0 36.0 36.0 35.0 35.0 35.0 35.0 35.0 35.0 34.0 34.0 34.0 34.0 34.0 34.0 34.0 34.0 34.0 34.0 34.0 34.0 34.0 34.0 34.0 34.0 34.0 34.0 34.0 34.0 34.0 34.0 34.0 34.0 34.0 34.0 34.0 34.0 35.0 35.0 35.0 36.0 36.0 36.0 36.0 36.0 36.0 36.0 37.0 37.0 37.0 38.0 38.0 38.0 38.0 39.0 39.0 39.0 39.0 39.0 39.0 39.0 39.0 39.0 39.0 39.0 39.0 39.0 38.0 38.0 38.0 38.0 38.0 38.0 37.0 37.0 37.0 37.0 36.0 36.0 36.0 36.0 36.0 36.0 36.0 36.0 36.0 36.0 35.0 35.0 35.0 35.0 35.0 35.0 34.0 34.0 34.0 34.0 34.0 35.0 35.0 35.0 35.0 35.0 35.0 35.0 35.0 35.0 36.0 36.0 36.0 36.0 36.0 37.0 37.0 37.0 38.0 38.0 38.0 39.0 39.0 39.0 39.0 39.0 39.0 40.0 40.0 40.0 41.0 41.0 42.0 42.0 42.0 42.0 42.0 42.0 43.0 43.0 44.0 44.0 45.0 45.0 43.0 42.0 42.0 42.0 41.0 41.0 40.0 40.0 40.0 40.0 39.0 40.0 40.0 41.0 40.0 40.0 40.0 40.0 40.0 40.0 39.0 39.0 39.0 39.0 39.0 38.0 38.0 38.0 37.0 37.0 37.0 36.0 36.0 36.0 36.0 36.0 36.0 36.0 36.0 36.0 35.0 35.0 35.0 35.0 34.0 35.0 35.0 35.0 35.0 35.0 35.0 35.0 36.0 36.0 36.0 36.0 36.0 36.0 36.0 36.0 36.0 36.0 36.0 36.0 37.0 37.0 37.0 38.0 38.0 39.0 39.0 39.0 39.0 39.0 40.0 41.0 42.0 42.0 42.0 42.0 42.0 43.0 44.0 44.0 45.0 45.0 45.0 45.0 45.0 45.0 45.0 45.0 44.0 44.0 42.0 42.0 41.0 41.0 40.0 40.0 40.0 39.0 39.0 38.0 38.0 38.0 37.0 37.0 37.0 37.0 37.0 37.0 38.0 39.0 39.0 39.0 39.0 39.0 39.0 39.0 39.0 39.0 38.0 37.0 37.0 37.0 37.0 37.0 37.0 37.0 37.0 37.0 36.0 36.0 36.0 36.0 36.0 36.0 36.0 36.0 36.0 36.0 35.0 35.0 35.0 34.0 34.0 34.0 34.0 33.0 33.0 33.0 33.0 33.0 33.0 33.0 33.0 33.0 33.0 33.0 33.0 33.0 33.0 33.0 33.0 33.0 33.0 33.0 33.0 34.0 33.0 33.0 34.0 34.0 35.0 35.0 36.0 37.0 37.0 38.0 38.0 38.0 38.0 38.0 37.0 37.0 37.0 37.0 37.0 36.0 36.0 36.0 36.0 36.0 36.0 36.0 35.0 35.0 35.0 34.0 35.0 35.0 35.0 36.0 36.0 36.0 36.0 37.0 37.0 37.0 37.0 38.0 38.0 39.0 39.0 39.0 40.0 40.0 42.0 42.0 42.0 43.0 43.0 45.0 45.0 46.0 46.0 47.0 48.0 48.0 49.0 50.0 50.0 51.0 51.0 52.0 52.0 50.0 48.0 48.0 46.0 45.0 45.0 43.0 42.0 42.0 42.0 42.0 42.0 42.0 43.0 42.0 42.0 42.0 41.0 41.0 41.0 40.0 39.0 39.0 39.0 39.0 38.0 38.0 38.0 38.0 38.0 37.0 37.0 36.0 36.0 36.0 36.0 36.0 36.0 36.0 36.0 36.0 36.0 35.0 35.0 35.0 35.0 35.0 35.0 35.0 35.0 34.0 34.0 34.0 34.0 34.0 34.0 34.0 34.0 34.0 34.0 34.0 34.0 34.0 34.0 33.0 33.0 33.0 33.0 33.0 33.0 33.0 33.0 33.0 33.0 33.0 33.0 33.0 33.0 33.0 33.0 33.0 33.0 33.0 33.0 33.0 33.0 33.0 33.0 33.0 33.0 33.0 33.0 33.0 33.0 33.0 32.0 32.0 32.0 32.0 33.0 33.0 33.0 33.0 33.0 33.0 33.0 33.0 33.0 33.0 33.0 33.0 33.0 33.0 33.0 33.0 33.0 33.0 33.0 33.0 33.0 33.0 33.0 33.0 33.0 33.0 33.0 32.0 32.0 32.0 32.0 32.0 32.0 32.0 32.0 32.0 31.0 31.0 31.0 31.0 31.0 31.0 31.0 31.0 31.0 31.0 31.0 31.0 31.0 31.0 31.0 30.0 30.0 30.0 31.0 31.0 31.0 31.0 32.0 32.0 33.0 34.0 34.0 36.0 38.0 37.0 37.0 36.0 36.0 36.0 36.0 36.0 36.0 36.0 36.0 36.0 36.0 36.0 36.0 36.0 36.0 35.0 35.0 35.0 35.0 35.0 35.0 35.0 35.0 35.0 35.0 35.0 36.0 36.0 36.0 36.0 36.0 36.0 36.0 36.0 36.0 36.0 36.0 36.0 36.0 36.0 36.0 35.0 35.0 35.0 35.0 36.0 36.0 36.0 36.0 36.0 36.0 36.0 36.0 36.0 36.0 36.0 36.0 36.0 36.0 36.0 36.0 36.0 36.0 37.0 37.0 37.0 37.0 37.0 37.0 37.0 37.0 37.0 37.0 36.0 36.0 36.0 36.0 36.0 36.0 36.0 35.0 35.0 36.0 36.0 36.0 38.0 38.0 38.0 38.0 38.0 38.0 38.0 38.0 38.0 38.0 39.0 39.0 39.0 39.0 40.0 41.0 41.0 42.0 42.0 44.0 44.0 45.0 46.0 46.0 47.0 48.0 48.0 49.0 51.0 51.0 51.0 52.0 52.0 52.0 53.0 54.0 54.0 54.0 55.0 56.0 56.0 57.0 57.0 57.0 55.0 54.0 52.0 52.0 51.0 49.0 49.0 48.0 46.0 46.0 45.0 44.0 43.0 43.0 43.0 43.0 43.0 42.0 43.0 44.0 44.0 45.0 45.0 45.0 46.0 47.0 47.0 48.0 48.0 50.0 50.0 51.0 51.0 51.0 52.0 52.0 53.0 53.0 54.0 54.0 54.0 54.0 55.0 55.0 56.0 56.0 57.0 57.0 57.0 58.0 58.0 59.0 59.0 59.0 60.0 60.0 61.0 61.0 62.0 63.0 63.0 63.0 64.0 65.0 65.0 64.0 63.0 63.0 64.0 64.0 64.0 62.0 60.0 57.0 57.0 56.0 54.0 54.0 54.0 55.0 56.0 56.0 59.0 61.0 61.0 64.0 66.0 66.0 67.0 68.0 69.0 69.0 70.0 71.0 71.0 71.0 68.0 68.0 66.0 63.0 63.0 63.0 64.0 66.0 66.0 68.0 70.0 72.0 72.0 73.0 74.0 74.0 73.0 69.0 69.0 66.0 63.0 60.0 60.0 57.0 55.0 55.0 54.0 52.0 51.0 51.0 49.0 48.0 48.0 47.0 46.0 46.0 45.0 44.0 43.0 43.0 42.0 42.0 42.0 42.0 42.0 42.0 42.0 42.0 41.0 41.0 41.0 41.0 41.0 41.0 40.0 40.0 40.0 40.0 40.0 40.0 40.0 39.0 39.0 39.0 39.0 39.0 39.0 39.0 39.0 39.0 39.0 38.0 38.0 38.0 38.0 38.0 38.0 37.0 37.0 37.0 38.0 39.0 40.0 40.0 41.0 42.0 42.0 43.0 45.0 45.0 45.0 44.0 42.0 42.0 42.0 42.0 42.0 41.0 40.0 39.0 39.0 40.0 41.0 41.0 42.0 44.0 44.0 46.0 49.0 51.0 51.0 52.0 54.0 54.0 52.0 50.0 48.0 48.0 46.0 45.0 45.0 44.0 42.0 42.0 43.0 45.0 48.0 48.0 51.0 54.0 54.0 57.0 57.0 57.0 55.0 53.0 51.0 51.0 49.0 47.0 47.0 45.0 44.0 42.0 42.0 42.0 41.0 41.0 40.0 40.0 40.0 40.0 39.0 39.0 39.0 39.0 40.0 40.0 42.0 42.0 41.0 41.0 41.0 40.0 40.0 40.0 40.0 40.0 41.0 40.0 39.0 39.0 39.0 39.0 39.0 39.0 39.0 39.0 39.0 39.0 39.0 39.0 39.0 39.0 39.0 42.0 45.0 50.0 50.0 54.0 57.0 57.0 60.0 60.0 60.0 60.0 62.0 61.0 61.0 58.0 55.0 55.0 53.0 51.0 49.0 49.0 47.0 45.0 45.0 43.0 42.0 42.0 41.0 40.0 40.0 40.0 39.0 39.0 39.0 39.0 39.0 38.0 38.0 38.0 37.0 37.0 38.0 37.0 37.0 37.0 38.0 39.0 39.0 41.0 42.0 42.0 44.0 45.0 45.0 47.0 48.0 48.0 48.0 46.0 45.0 45.0 43.0 42.0 41.0 41.0 40.0 39.0 39.0 39.0 38.0 38.0 38.0 37.0 37.0 37.0 38.0 39.0 39.0 39.0 41.0 42.0 42.0 43.0 45.0 45.0 45.0 47.0 47.0 48.0 49.0 50.0 50.0 51.0 52.0 52.0 53.0 53.0 53.0 54.0 54.0 55.0 55.0 56.0 57.0 57.0 57.0 58.0 60.0 60.0 60.0 61.0 61.0 62.0 60.0 60.0 57.0 54.0 51.0 51.0 50.0 48.0 48.0 46.0 45.0 43.0 43.0 42.0 42.0 42.0 41.0 40.0 40.0 40.0 39.0 39.0 39.0 39.0 39.0 39.0 39.0 39.0 39.0 39.0 39.0 39.0 39.0 39.0 39.0 39.0 38.0 38.0 38.0 38.0 37.0 36.0 36.0 37.0 37.0 37.0 37.0 38.0 39.0 39.0 41.0 42.0 42.0 42.0 42.0 42.0 42.0 42.0 41.0 41.0 40.0 39.0 39.0 39.0 39.0 39.0 39.0 38.0 38.0 38.0 38.0 37.0 37.0 37.0 37.0 36.0 36.0 36.0 36.0 36.0 36.0 36.0 35.0 35.0 35.0 35.0 35.0 35.0 35.0 35.0 35.0 35.0 35.0 35.0 35.0 35.0 35.0 35.0 35.0 35.0 35.0 35.0 35.0 35.0 35.0 35.0 35.0 35.0 35.0 34.0 34.0 34.0 34.0 34.0 34.0 34.0 34.0 34.0 33.0 33.0 33.0 34.0 34.0 34.0 34.0 35.0 35.0 35.0 36.0 36.0 36.0 36.0 36.0 36.0 35.0 35.0 35.0 35.0 34.0 34.0 34.0 34.0 34.0 34.0 34.0 33.0 33.0 33.0 33.0 33.0 33.0 33.0 33.0 33.0 33.0 33.0 33.0 33.0 33.0 33.0 33.0 33.0 33.0 33.0 33.0 33.0 33.0 33.0 33.0 33.0 33.0 33.0 33.0 33.0 33.0 33.0 33.0 33.0 33.0 33.0 33.0 33.0 33.0 33.0 33.0 32.0 33.0 32.0 32.0 32.0 33.0 33.0 33.0 33.0 33.0 32.0 32.0 32.0 32.0 33.0 33.0 33.0 33.0 32.0 32.0 32.0 32.0 32.0 32.0 32.0 32.0 32.0 32.0 32.0 32.0 32.0 32.0 32.0 32.0 32.0 32.0 32.0 32.0 32.0 32.0 32.0 31.0 31.0 31.0 31.0 31.0 31.0 31.0 31.0 31.0 31.0 31.0 31.0 31.0 31.0 31.0 30.0 30.0 31.0 31.0 31.0 31.0 31.0 31.0 31.0 31.0 31.0 31.0 31.0 31.0 31.0 32.0 32.0 32.0 32.0 32.0 32.0 32.0 32.0 31.0 31.0 31.0 31.0 31.0 31.0 31.0 31.0 31.0 31.0 31.0 31.0 31.0 31.0 30.0 30.0 30.0 30.0 30.0 31.0 30.0 30.0 30.0 30.0 30.0 30.0 30.0 30.0 30.0 30.0 30.0 30.0 30.0 30.0 30.0 30.0 30.0 30.0 30.0 30.0 30.0 30.0 30.0 30.0 30.0 30.0 30.0 30.0 30.0 30.0 30.0 30.0 30.0 30.0 30.0 30.0 30.0 30.0 30.0 30.0 30.0 30.0 30.0 30.0 30.0 30.0 30.0 30.0 30.0 30.0 30.0 30.0 30.0 30.0 30.0 30.0 30.0 30.0 30.0 30.0 30.0 30.0 30.0 30.0 30.0 30.0 30.0 30.0 30.0 30.0 30.0 30.0 30.0 30.0 30.0 30.0 30.0 30.0 30.0 30.0 30.0 30.0 30.0 30.0 30.0 30.0 30.0 30.0 30.0 30.0 30.0 30.0 30.0 30.0 30.0 30.0 30.0 30.0 30.0 30.0 30.0 30.0 30.0 30.0 30.0 30.0 30.0 30.0 30.0 30.0 30.0 30.0 30.0 30.0 30.0 30.0 30.0 30.0 30.0 30.0 30.0 29.0 29.0 29.0 29.0 29.0 29.0 29.0 29.0 28.0 28.0 28.0 29.0 29.0 29.0 29.0 29.0 29.0 29.0 29.0 29.0 29.0 29.0 29.0 29.0 29.0 29.0 29.0 29.0 29.0 28.0 28.0 28.0 28.0 28.0 28.0 28.0 28.0 28.0 28.0 28.0 28.0 28.0 28.0 28.0 28.0 28.0 27.0 27.0 28.0 28.0 28.0 28.0 28.0 28.0 28.0 27.0 28.0 28.0 28.0 29.0 29.0 29.0 29.0 30.0 30.0 30.0 30.0 30.0 30.0 30.0 30.0 31.0 30.0 30.0 30.0 30.0 31.0 31.0 31.0 30.0 30.0 30.0 30.0 30.0 30.0 30.0 30.0 30.0 30.0 30.0 30.0 30.0 30.0 30.0 30.0 30.0 30.0 30.0 30.0 30.0 30.0 30.0 30.0 30.0 30.0 30.0 30.0 30.0 30.0 30.0 30.0 30.0 30.0 30.0 30.0 30.0 30.0 30.0 30.0 30.0 30.0 30.0 30.0 30.0 30.0 30.0 30.0 30.0 30.0 30.0 30.0 30.0 30.0 30.0 30.0 30.0 30.0 30.0 30.0 30.0 30.0 31.0 31.0 31.0 31.0 31.0 31.0 31.0 31.0 32.0 33.0 33.0 33.0 33.0 33.0 33.0 33.0 33.0 33.0 33.0 33.0 33.0 33.0 33.0 33.0 33.0 33.0 34.0 34.0 34.0 34.0 35.0 35.0 35.0 35.0 35.0 35.0 35.0 36.0 36.0 35.0 35.0 35.0 35.0 35.0 35.0 35.0 35.0 35.0 35.0 35.0 35.0 35.0 35.0 35.0 36.0 36.0 36.0 36.0 36.0 36.0 37.0 37.0 38.0 39.0 41.0 41.0 41.0 40.0 40.0 39.0 39.0 38.0 38.0 37.0 37.0 37.0 36.0 36.0 36.0 36.0 36.0 35.0 35.0 35.0 35.0 35.0 35.0 34.0 34.0 34.0 35.0 35.0 35.0 36.0 36.0 36.0 36.0 36.0 36.0 36.0 36.0 36.0 36.0 36.0 36.0 36.0 36.0 36.0 36.0 36.0 36.0 36.0 36.0 36.0 35.0 35.0 35.0 35.0 34.0 34.0 34.0 34.0 34.0 34.0 33.0 33.0 33.0 33.0 33.0 33.0 33.0 33.0 33.0 33.0 33.0 33.0 33.0 33.0 33.0 33.0 32.0 32.0 32.0 32.0 32.0 32.0 32.0 32.0 32.0 32.0 32.0 32.0 32.0 32.0 32.0 32.0 32.0 32.0 32.0 32.0 32.0 32.0 33.0 33.0 32.0 32.0 32.0 32.0 33.0 33.0 33.0 33.0 33.0 33.0 33.0 33.0 33.0 33.0 33.0 33.0 33.0 33.0 33.0 33.0 33.0 33.0 33.0 33.0 33.0 33.0 33.0 33.0 33.0 33.0 33.0 33.0 33.0 33.0 33.0 33.0 33.0 33.0 33.0 33.0 33.0 33.0 33.0 33.0 33.0 33.0 33.0 33.0 33.0 33.0 33.0 33.0 33.0 33.0 33.0 33.0 33.0 33.0 33.0 33.0 33.0 32.0 32.0 32.0 32.0 32.0 32.0 32.0 32.0 32.0 32.0 32.0 32.0 32.0 32.0 31.0 31.0 31.0 31.0 31.0 31.0 31.0 31.0 31.0 31.0 31.0 31.0 31.0 31.0 31.0 31.0 31.0 31.0 31.0 31.0 31.0 31.0 31.0 31.0 31.0 31.0 31.0 31.0 31.0 31.0 31.0 32.0 32.0 33.0 33.0 34.0 34.0 34.0 34.0 34.0 34.0 34.0 33.0 33.0 33.0 33.0 33.0 33.0 33.0 33.0 33.0 33.0 33.0 33.0 32.0 33.0 33.0 33.0 33.0 33.0 33.0 32.0 32.0 32.0 32.0 32.0 32.0 32.0 33.0 33.0 33.0 33.0 32.0 32.0 33.0 33.0 33.0 33.0 33.0 33.0 33.0 33.0 33.0 33.0 33.0 33.0 33.0 33.0 33.0 33.0 33.0 33.0 33.0 33.0 33.0 33.0 33.0 33.0 33.0 33.0 33.0 33.0 33.0 33.0 33.0 33.0 33.0 33.0 33.0 34.0 34.0 34.0 34.0 34.0 34.0 35.0 35.0 35.0 36.0 36.0 36.0 35.0 36.0 35.0 35.0 35.0 35.0 35.0 35.0 35.0 35.0 35.0 35.0 35.0 35.0 34.0 34.0 34.0 34.0 34.0 34.0 34.0 34.0 34.0 34.0 34.0 34.0 35.0 35.0 35.0 36.0 36.0 35.0 36.0 36.0 36.0 36.0 36.0 36.0 36.0 36.0 36.0 36.0 36.0 36.0 36.0 36.0 36.0 36.0 36.0 36.0 36.0 36.0 36.0 36.0 36.0 36.0 37.0 37.0 37.0 37.0 37.0 37.0 37.0 37.0 37.0 37.0 37.0 37.0 37.0 37.0 38.0 38.0 38.0 38.0 38.0 38.0 38.0 38.0 38.0 38.0 38.0 38.0 38.0 38.0 38.0 37.0 37.0 37.0 37.0 37.0 37.0 37.0 37.0 37.0 37.0 37.0 37.0 37.0 37.0 37.0 37.0 37.0 38.0 38.0 38.0 38.0 38.0 38.0 38.0 38.0 38.0 38.0 38.0 38.0 38.0 38.0 38.0 38.0 38.0 38.0 38.0 38.0 38.0 39.0 39.0 39.0 39.0 39.0 39.0 39.0 39.0 39.0 39.0 40.0 39.0 39.0 39.0 39.0 39.0 39.0 39.0 39.0 39.0 39.0 40.0 40.0 40.0 40.0 40.0 40.0 40.0 40.0 40.0 40.0 40.0 40.0 40.0 40.0 40.0 40.0 40.0 40.0 40.0 40.0 40.0 40.0 41.0 41.0 41.0 41.0 42.0 42.0 42.0 42.0 42.0 42.0 42.0 42.0 42.0 42.0 44.0 43.0 43.0 43.0 43.0 43.0 43.0 43.0 43.0 43.0 43.0 43.0 43.0 43.0 43.0 43.0 43.0 43.0 43.0 43.0 43.0 43.0 43.0 43.0 44.0 44.0 44.0 44.0 44.0 44.0 44.0 44.0 44.0 44.0 45.0 45.0 45.0 45.0 45.0 45.0 45.0 45.0 45.0 45.0 45.0 45.0 45.0 45.0 45.0 45.0 45.0 45.0 -40.0 45.0 45.0 45.0 45.0 45.0 45.0 44.0 44.0 44.0 44.0 44.0 44.0 44.0 44.0 44.0 43.0 43.0 43.0 43.0 44.0 44.0 43.0 44.0 44.0 44.0 44.0 44.0 44.0 44.0 44.0


# name: TPS
# type: matrix
# rows: 1
# columns: 2627
 13.0 13.0 13.0 13.0 13.0 13.0 13.0 13.0 13.0 13.0 13.0 13.0 13.0 14.0 13.0 13.0 13.0 13.0 13.0 13.0 13.0 13.0 13.0 13.0 13.0 13.0 13.0 13.0 17.0 16.0 18.0 15.0 15.0 14.0 14.0 14.0 16.0 16.0 18.0 21.0 22.0 22.0 15.0 22.0 23.0 18.0 23.0 25.0 27.0 27.0 14.0 13.0 13.0 13.0 13.0 13.0 10.0 13.0 13.0 13.0 13.0 15.0 16.0 16.0 16.0 16.0 17.0 25.0 32.0 37.0 63.0 88.0 88.0 52.0 14.0 88.0 88.0 88.0 88.0 88.0 49.0 15.0 34.0 88.0 88.0 17.0 14.0 20.0 19.0 20.0 18.0 15.0 13.0 13.0 13.0 13.0 13.0 13.0 13.0 13.0 14.0 13.0 13.0 14.0 21.0 24.0 25.0 27.0 19.0 15.0 14.0 16.0 14.0 13.0 13.0 14.0 14.0 14.0 14.0 14.0 15.0 15.0 16.0 16.0 14.0 15.0 15.0 15.0 14.0 13.0 13.0 14.0 14.0 14.0 14.0 14.0 13.0 13.0 13.0 13.0 13.0 13.0 13.0 13.0 13.0 13.0 13.0 13.0 13.0 13.0 13.0 13.0 13.0 14.0 14.0 13.0 13.0 13.0 19.0 13.0 13.0 13.0 12.0 24.0 13.0 13.0 12.0 16.0 44.0 13.0 13.0 31.0 13.0 14.0 13.0 13.0 10.0 30.0 13.0 13.0 13.0 13.0 12.0 12.0 13.0 12.0 30.0 13.0 13.0 13.0 12.0 13.0 51.0 13.0 61.0 13.0 13.0 32.0 13.0 14.0 13.0 12.0 12.0 12.0 12.0 12.0 13.0 13.0 13.0 13.0 13.0 13.0 13.0 12.0 13.0 13.0 13.0 13.0 13.0 13.0 13.0 13.0 13.0 13.0 13.0 13.0 13.0 13.0 13.0 13.0 13.0 13.0 13.0 13.0 19.0 20.0 22.0 20.0 13.0 24.0 17.0 17.0 17.0 18.0 21.0 27.0 30.0 15.0 25.0 28.0 26.0 23.0 25.0 24.0 22.0 22.0 22.0 22.0 22.0 23.0 23.0 23.0 13.0 21.0 28.0 27.0 24.0 20.0 21.0 22.0 21.0 21.0 21.0 20.0 20.0 20.0 17.0 18.0 18.0 18.0 18.0 19.0 19.0 19.0 18.0 18.0 18.0 17.0 16.0 16.0 16.0 16.0 16.0 16.0 16.0 17.0 18.0 18.0 18.0 18.0 18.0 18.0 18.0 19.0 20.0 20.0 13.0 13.0 10.0 88.0 88.0 88.0 88.0 88.0 88.0 88.0 88.0 88.0 88.0 88.0 88.0 88.0 88.0 88.0 88.0 88.0 31.0 32.0 31.0 32.0 32.0 32.0 31.0 32.0 31.0 31.0 32.0 32.0 32.0 32.0 31.0 32.0 31.0 22.0 27.0 28.0 28.0 27.0 28.0 28.0 27.0 28.0 28.0 28.0 34.0 87.0 33.0 32.0 32.0 32.0 32.0 30.0 31.0 31.0 32.0 32.0 30.0 32.0 31.0 30.0 33.0 86.0 88.0 88.0 88.0 42.0 27.0 24.0 22.0 21.0 19.0 20.0 20.0 20.0 20.0 20.0 20.0 20.0 20.0 20.0 20.0 20.0 20.0 20.0 20.0 20.0 20.0 20.0 20.0 18.0 19.0 18.0 20.0 21.0 20.0 20.0 20.0 20.0 20.0 13.0 28.0 32.0 33.0 29.0 30.0 28.0 28.0 28.0 29.0 28.0 28.0 35.0 41.0 39.0 38.0 38.0 38.0 38.0 37.0 37.0 50.0 61.0 61.0 55.0 56.0 52.0 52.0 51.0 51.0 88.0 88.0 88.0 88.0 88.0 88.0 88.0 88.0 88.0 88.0 88.0 73.0 47.0 40.0 40.0 42.0 26.0 22.0 13.0 13.0 13.0 13.0 32.0 30.0 32.0 29.0 25.0 25.0 25.0 23.0 22.0 22.0 22.0 22.0 22.0 22.0 22.0 22.0 22.0 22.0 22.0 22.0 22.0 22.0 22.0 22.0 28.0 30.0 29.0 29.0 29.0 29.0 29.0 29.0 29.0 29.0 29.0 39.0 39.0 41.0 38.0 39.0 41.0 40.0 38.0 40.0 41.0 45.0 46.0 46.0 45.0 42.0 42.0 46.0 44.0 41.0 43.0 43.0 42.0 88.0 88.0 88.0 88.0 88.0 88.0 88.0 88.0 88.0 88.0 88.0 88.0 88.0 40.0 13.0 13.0 13.0 13.0 13.0 13.0 21.0 34.0 88.0 88.0 88.0 88.0 88.0 34.0 17.0 25.0 25.0 28.0 46.0 24.0 24.0 25.0 25.0 25.0 23.0 23.0 23.0 23.0 23.0 23.0 23.0 23.0 23.0 23.0 23.0 23.0 23.0 23.0 23.0 23.0 23.0 23.0 23.0 16.0 19.0 34.0 29.0 29.0 42.0 88.0 29.0 28.0 29.0 29.0 29.0 29.0 29.0 37.0 35.0 36.0 36.0 36.0 36.0 36.0 36.0 36.0 37.0 41.0 49.0 41.0 43.0 47.0 41.0 47.0 47.0 42.0 41.0 88.0 88.0 88.0 88.0 88.0 88.0 88.0 88.0 88.0 88.0 88.0 88.0 88.0 43.0 15.0 17.0 18.0 20.0 27.0 25.0 24.0 24.0 23.0 23.0 23.0 23.0 23.0 23.0 24.0 24.0 24.0 24.0 30.0 33.0 47.0 88.0 88.0 88.0 25.0 32.0 38.0 22.0 23.0 23.0 24.0 24.0 24.0 24.0 29.0 29.0 36.0 38.0 29.0 29.0 29.0 27.0 27.0 27.0 27.0 27.0 27.0 27.0 14.0 15.0 14.0 14.0 14.0 14.0 14.0 14.0 14.0 14.0 14.0 14.0 14.0 18.0 19.0 22.0 23.0 23.0 23.0 20.0 19.0 19.0 83.0 13.0 18.0 21.0 23.0 32.0 47.0 25.0 29.0 19.0 20.0 17.0 40.0 88.0 88.0 88.0 46.0 27.0 44.0 30.0 34.0 26.0 24.0 22.0 23.0 34.0 32.0 28.0 26.0 24.0 24.0 25.0 25.0 25.0 25.0 25.0 25.0 25.0 15.0 30.0 39.0 40.0 41.0 35.0 35.0 35.0 35.0 35.0 35.0 35.0 47.0 42.0 43.0 43.0 43.0 44.0 43.0 50.0 47.0 46.0 46.0 47.0 47.0 45.0 46.0 47.0 88.0 88.0 88.0 88.0 88.0 88.0 88.0 88.0 88.0 16.0 14.0 14.0 14.0 14.0 14.0 14.0 23.0 27.0 31.0 43.0 43.0 38.0 35.0 34.0 27.0 25.0 18.0 19.0 20.0 22.0 23.0 25.0 25.0 25.0 24.0 27.0 29.0 29.0 29.0 14.0 26.0 25.0 24.0 26.0 26.0 25.0 24.0 24.0 24.0 24.0 24.0 26.0 26.0 25.0 25.0 24.0 25.0 25.0 26.0 25.0 25.0 25.0 26.0 25.0 25.0 25.0 25.0 25.0 25.0 24.0 24.0 24.0 24.0 22.0 23.0 23.0 23.0 24.0 25.0 25.0 25.0 25.0 25.0 25.0 25.0 25.0 24.0 24.0 24.0 24.0 24.0 24.0 23.0 23.0 23.0 25.0 26.0 27.0 24.0 22.0 23.0 23.0 23.0 23.0 13.0 14.0 13.0 13.0 14.0 33.0 47.0 88.0 88.0 86.0 32.0 24.0 21.0 18.0 17.0 15.0 19.0 19.0 20.0 23.0 28.0 30.0 30.0 30.0 27.0 27.0 27.0 25.0 25.0 25.0 22.0 20.0 18.0 18.0 17.0 17.0 17.0 13.0 13.0 13.0 13.0 14.0 14.0 13.0 13.0 13.0 10.0 13.0 13.0 13.0 13.0 12.0 26.0 21.0 27.0 17.0 14.0 16.0 15.0 18.0 20.0 18.0 23.0 30.0 42.0 88.0 88.0 88.0 15.0 88.0 14.0 14.0 13.0 10.0 13.0 13.0 17.0 20.0 18.0 18.0 18.0 18.0 18.0 18.0 13.0 13.0 13.0 10.0 13.0 13.0 13.0 13.0 13.0 20.0 18.0 18.0 20.0 21.0 24.0 25.0 24.0 23.0 22.0 13.0 13.0 18.0 24.0 26.0 26.0 30.0 24.0 13.0 25.0 25.0 27.0 34.0 39.0 39.0 28.0 22.0 21.0 26.0 27.0 27.0 27.0 28.0 30.0 31.0 31.0 28.0 27.0 35.0 47.0 41.0 31.0 29.0 36.0 40.0 25.0 27.0 31.0 27.0 28.0 29.0 29.0 28.0 29.0 29.0 23.0 15.0 15.0 15.0 15.0 52.0 50.0 88.0 56.0 30.0 32.0 33.0 33.0 33.0 33.0 33.0 33.0 38.0 42.0 42.0 41.0 42.0 41.0 42.0 42.0 48.0 48.0 48.0 49.0 47.0 47.0 47.0 49.0 88.0 52.0 53.0 52.0 51.0 52.0 52.0 52.0 88.0 88.0 88.0 88.0 88.0 88.0 88.0 88.0 88.0 47.0 29.0 30.0 30.0 30.0 30.0 30.0 30.0 30.0 29.0 28.0 28.0 28.0 16.0 36.0 43.0 38.0 34.0 34.0 35.0 40.0 42.0 43.0 45.0 45.0 45.0 45.0 45.0 45.0 45.0 49.0 51.0 48.0 49.0 48.0 49.0 48.0 49.0 47.0 48.0 54.0 52.0 52.0 52.0 52.0 51.0 50.0 53.0 51.0 55.0 55.0 56.0 55.0 54.0 55.0 55.0 56.0 88.0 88.0 88.0 88.0 88.0 88.0 88.0 88.0 88.0 55.0 42.0 44.0 83.0 54.0 45.0 34.0 34.0 37.0 35.0 35.0 35.0 17.0 52.0 52.0 51.0 51.0 87.0 88.0 88.0 88.0 88.0 88.0 88.0 88.0 88.0 88.0 88.0 88.0 88.0 88.0 36.0 38.0 38.0 38.0 19.0 89.0 88.0 88.0 88.0 88.0 88.0 88.0 88.0 88.0 88.0 88.0 88.0 19.0 19.0 18.0 16.0 14.0 15.0 14.0 14.0 14.0 14.0 14.0 14.0 14.0 14.0 14.0 16.0 19.0 21.0 22.0 24.0 25.0 25.0 26.0 27.0 27.0 27.0 26.0 27.0 27.0 27.0 25.0 25.0 25.0 25.0 25.0 25.0 25.0 25.0 25.0 21.0 20.0 13.0 24.0 30.0 35.0 28.0 26.0 18.0 18.0 20.0 23.0 25.0 22.0 21.0 19.0 13.0 16.0 17.0 19.0 20.0 88.0 88.0 88.0 88.0 88.0 88.0 88.0 88.0 88.0 88.0 88.0 88.0 88.0 47.0 14.0 14.0 14.0 14.0 13.0 50.0 22.0 25.0 29.0 14.0 26.0 88.0 88.0 88.0 88.0 88.0 88.0 88.0 88.0 88.0 88.0 88.0 87.0 16.0 16.0 15.0 15.0 15.0 14.0 14.0 14.0 14.0 18.0 88.0 88.0 88.0 88.0 88.0 88.0 88.0 88.0 88.0 18.0 15.0 14.0 14.0 14.0 14.0 14.0 14.0 14.0 17.0 21.0 23.0 24.0 23.0 14.0 14.0 14.0 14.0 19.0 66.0 88.0 88.0 88.0 88.0 88.0 88.0 88.0 14.0 14.0 14.0 14.0 14.0 16.0 88.0 88.0 88.0 76.0 14.0 14.0 14.0 14.0 14.0 19.0 25.0 28.0 30.0 38.0 38.0 37.0 38.0 13.0 21.0 88.0 88.0 88.0 88.0 88.0 88.0 88.0 88.0 67.0 85.0 88.0 88.0 88.0 27.0 16.0 15.0 15.0 15.0 15.0 15.0 15.0 16.0 18.0 22.0 23.0 23.0 22.0 23.0 23.0 24.0 25.0 27.0 27.0 14.0 14.0 14.0 14.0 14.0 14.0 14.0 14.0 15.0 88.0 88.0 88.0 88.0 88.0 88.0 88.0 88.0 88.0 88.0 88.0 88.0 88.0 88.0 88.0 32.0 15.0 15.0 14.0 14.0 14.0 14.0 14.0 14.0 13.0 13.0 13.0 13.0 13.0 45.0 88.0 88.0 88.0 88.0 88.0 88.0 88.0 88.0 88.0 88.0 88.0 88.0 88.0 88.0 88.0 88.0 88.0 88.0 88.0 88.0 88.0 88.0 88.0 88.0 88.0 88.0 88.0 88.0 88.0 88.0 88.0 88.0 88.0 88.0 88.0 88.0 88.0 88.0 88.0 88.0 88.0 88.0 16.0 16.0 15.0 15.0 15.0 15.0 15.0 14.0 14.0 13.0 13.0 13.0 22.0 26.0 25.0 25.0 25.0 25.0 26.0 28.0 32.0 30.0 34.0 33.0 40.0 42.0 43.0 34.0 27.0 29.0 13.0 13.0 13.0 13.0 13.0 13.0 13.0 34.0 40.0 41.0 13.0 13.0 30.0 14.0 47.0 12.0 59.0 88.0 88.0 88.0 88.0 83.0 14.0 35.0 39.0 14.0 22.0 41.0 43.0 13.0 13.0 13.0 13.0 25.0 27.0 27.0 27.0 27.0 27.0 23.0 22.0 22.0 21.0 20.0 18.0 17.0 17.0 19.0 19.0 19.0 19.0 19.0 12.0 13.0 13.0 13.0 15.0 24.0 25.0 27.0 28.0 29.0 29.0 30.0 31.0 27.0 26.0 26.0 24.0 25.0 23.0 21.0 18.0 18.0 22.0 22.0 23.0 23.0 19.0 18.0 18.0 16.0 16.0 16.0 17.0 21.0 17.0 19.0 21.0 21.0 25.0 34.0 40.0 41.0 42.0 33.0 29.0 27.0 26.0 24.0 23.0 23.0 21.0 21.0 19.0 18.0 18.0 18.0 19.0 20.0 20.0 21.0 21.0 21.0 19.0 20.0 20.0 20.0 18.0 16.0 19.0 19.0 18.0 18.0 22.0 24.0 25.0 21.0 23.0 19.0 22.0 21.0 21.0 22.0 22.0 22.0 22.0 22.0 23.0 24.0 24.0 24.0 24.0 24.0 24.0 23.0 23.0 23.0 20.0 18.0 15.0 13.0 13.0 13.0 13.0 13.0 18.0 21.0 21.0 28.0 37.0 38.0 38.0 39.0 12.0 21.0 20.0 20.0 22.0 25.0 29.0 25.0 21.0 21.0 22.0 20.0 20.0 19.0 19.0 20.0 20.0 25.0 26.0 26.0 24.0 24.0 23.0 22.0 22.0 21.0 20.0 20.0 20.0 21.0 20.0 20.0 21.0 20.0 20.0 19.0 18.0 18.0 20.0 19.0 20.0 20.0 20.0 20.0 21.0 21.0 21.0 22.0 23.0 24.0 24.0 25.0 25.0 27.0 27.0 27.0 27.0 27.0 29.0 28.0 28.0 28.0 28.0 28.0 29.0 25.0 23.0 22.0 21.0 21.0 21.0 22.0 22.0 22.0 22.0 22.0 22.0 22.0 22.0 22.0 22.0 22.0 23.0 23.0 23.0 23.0 23.0 23.0 23.0 24.0 24.0 24.0 24.0 24.0 24.0 24.0 24.0 24.0 24.0 24.0 24.0 24.0 22.0 22.0 22.0 22.0 23.0 24.0 24.0 24.0 24.0 24.0 23.0 23.0 23.0 22.0 22.0 22.0 20.0 19.0 24.0 23.0 21.0 21.0 21.0 23.0 23.0 23.0 22.0 23.0 22.0 23.0 23.0 21.0 21.0 20.0 20.0 20.0 22.0 21.0 21.0 23.0 21.0 21.0 21.0 22.0 23.0 23.0 21.0 19.0 19.0 15.0 13.0 17.0 21.0 19.0 19.0 20.0 22.0 22.0 25.0 22.0 22.0 23.0 25.0 25.0 24.0 21.0 23.0 24.0 25.0 25.0 23.0 23.0 23.0 23.0 23.0 23.0 24.0 23.0 20.0 21.0 21.0 23.0 23.0 22.0 22.0 22.0 23.0 22.0 23.0 24.0 24.0 24.0 24.0 23.0 23.0 23.0 23.0 23.0 24.0 25.0 26.0 28.0 27.0 29.0 27.0 24.0 21.0 22.0 23.0 13.0 13.0 13.0 19.0 19.0 21.0 21.0 21.0 12.0 13.0 20.0 27.0 27.0 24.0 24.0 27.0 27.0 27.0 25.0 24.0 24.0 22.0 22.0 21.0 21.0 22.0 25.0 24.0 20.0 13.0 14.0 17.0 20.0 16.0 16.0 13.0 13.0 17.0 20.0 21.0 20.0 20.0 19.0 19.0 20.0 18.0 13.0 13.0 13.0 13.0 13.0 13.0 13.0 13.0 13.0 13.0 13.0 13.0 12.0 41.0 88.0 88.0 88.0 88.0 30.0 14.0 18.0 13.0 16.0 25.0 27.0 13.0 13.0 13.0 13.0 35.0 34.0 27.0 25.0 19.0 13.0 13.0 14.0 14.0 17.0 19.0 19.0 18.0 17.0 13.0 13.0 13.0 13.0 21.0 13.0 29.0 13.0 14.0 24.0 24.0 27.0 14.0 13.0 13.0 16.0 27.0 14.0 13.0 13.0 13.0 13.0 12.0 13.0 12.0 16.0 21.0 20.0 15.0 16.0 14.0 13.0 20.0 18.0 14.0 19.0 14.0 13.0 13.0 13.0 13.0 13.0 13.0 13.0 13.0 13.0 12.0 12.0 12.0 12.0 12.0 12.0 17.0 17.0 17.0 21.0 14.0 13.0 13.0 19.0 24.0 29.0 33.0 38.0 12.0 13.0 13.0 13.0 30.0 25.0 13.0 13.0 13.0 13.0 13.0 14.0 20.0 17.0 17.0 16.0 20.0 21.0 21.0 22.0 18.0 18.0 18.0 21.0 23.0 18.0 18.0 15.0 15.0 16.0 13.0 13.0 18.0 17.0 16.0 18.0 14.0 15.0 13.0 20.0 22.0 24.0 22.0 25.0 29.0 29.0 29.0 29.0 43.0 67.0 88.0 88.0 88.0 49.0 15.0 14.0 15.0 14.0 14.0 14.0 14.0 14.0 13.0 13.0 13.0 13.0 21.0 21.0 20.0 13.0 20.0 20.0 21.0 20.0 15.0 18.0 23.0 28.0 28.0 30.0 33.0 32.0 32.0 34.0 34.0 30.0 13.0 16.0 26.0 27.0 30.0 30.0 30.0 30.0 30.0 30.0 30.0 13.0 22.0 26.0 24.0 24.0 24.0 24.0 24.0 23.0 20.0 22.0 22.0 21.0 20.0 17.0 13.0 13.0 17.0 18.0 18.0 18.0 19.0 21.0 21.0 21.0 23.0 20.0 21.0 22.0 23.0 23.0 22.0 22.0 23.0 23.0 21.0 21.0 21.0 20.0 15.0 14.0 13.0 13.0 13.0 13.0 13.0 13.0 13.0 13.0 13.0 13.0 13.0 28.0 40.0 41.0 41.0 42.0 42.0 43.0 43.0 34.0 29.0 27.0 27.0 25.0 24.0 18.0 18.0 17.0 21.0 22.0 25.0 26.0 28.0 26.0 20.0 17.0 12.0 13.0 13.0 38.0 39.0 13.0 13.0 13.0 13.0 13.0 13.0 25.0 34.0 37.0 38.0 39.0 29.0 13.0 18.0 22.0 23.0 23.0 25.0 30.0 28.0 25.0 26.0 24.0 24.0 24.0 25.0 25.0 25.0 25.0 25.0 24.0 24.0 21.0 21.0 21.0 20.0 18.0 13.0 13.0 13.0 13.0 14.0 14.0 13.0 13.0 13.0 13.0 13.0 13.0 16.0 19.0 23.0 23.0 18.0 13.0 13.0 13.0 10.0 12.0 12.0 13.0 10.0 13.0 13.0 13.0 12.0 13.0 13.0 12.0 13.0 13.0 12.0 12.0 18.0 28.0 32.0 47.0 88.0 88.0 88.0 88.0 20.0 14.0 26.0 32.0 19.0 18.0 18.0 13.0 18.0 18.0 14.0 14.0 14.0 13.0 13.0 13.0 13.0 13.0 13.0 12.0 10.0 10.0 10.0 13.0 13.0 13.0 13.0 12.0 12.0 12.0 12.0 12.0 12.0 12.0 12.0 21.0 27.0 29.0 35.0 12.0 18.0 20.0 20.0 21.0 20.0 20.0 20.0 13.0 13.0 13.0 13.0 13.0 10.0 10.0 10.0 10.0 13.0 13.0 13.0 13.0 14.0 13.0 13.0 12.0 12.0 12.0 12.0 12.0 12.0 12.0 12.0 12.0 12.0 12.0 12.0 12.0 20.0 22.0 27.0 27.0 12.0 21.0 22.0 25.0 25.0 25.0 15.0 14.0 18.0 16.0 15.0 14.0 13.0 14.0 14.0 14.0 13.0 13.0 13.0 13.0 13.0 13.0 13.0 12.0 12.0 12.0 14.0 15.0 16.0 14.0 14.0 14.0 14.0 14.0 15.0 19.0 24.0 26.0 20.0 14.0 26.0 22.0 22.0 21.0 21.0 20.0 15.0 13.0 13.0 10.0 15.0 20.0 21.0 16.0 14.0 15.0 16.0 14.0 14.0 14.0 13.0 13.0 15.0 20.0 23.0 25.0 25.0 23.0 20.0 18.0 14.0 13.0 13.0 10.0 13.0 13.0 16.0 22.0 23.0 24.0 25.0 25.0 25.0 24.0 23.0 19.0 18.0 16.0 16.0 16.0 17.0 16.0 13.0 14.0 14.0 14.0 15.0 16.0 16.0 12.0 20.0 18.0 21.0 19.0 19.0 18.0 17.0 16.0 15.0 17.0 20.0 20.0 20.0 22.0 25.0 23.0 22.0 20.0 17.0 16.0 16.0 15.0 13.0 13.0 15.0 15.0 13.0 13.0 13.0 13.0 19.0 12.0 19.0 14.0 12.0 14.0 20.0 14.0 14.0 30.0 29.0 28.0 13.0 13.0 13.0 13.0 13.0 13.0 13.0 13.0 22.0 21.0 21.0 13.0 13.0 13.0 13.0 13.0 13.0 13.0 13.0 13.0 13.0 13.0 13.0 13.0 13.0 13.0 13.0 13.0 13.0 13.0 13.0 13.0 13.0 12.0 12.0 12.0 88.0 13.0 13.0 13.0 12.0 87.0 13.0 13.0 13.0 32.0 12.0 12.0 13.0 12.0 12.0 12.0 13.0 15.0 14.0 13.0 13.0 14.0 14.0 14.0 13.0 13.0 13.0 13.0 13.0 13.0 13.0 13.0 13.0 13.0 13.0 13.0 13.0 13.0 13.0 13.0 14.0 13.0 13.0 13.0 13.0 13.0 13.0 13.0 13.0 13.0 13.0 13.0 13.0 13.0 13.0 13.0 13.0 13.0 13.0 13.0 13.0 13.0 15.0 17.0 17.0 17.0 17.0 17.0 17.0 17.0 15.0 9.0 17.0 17.0 17.0 17.0 17.0 17.0 17.0 17.0 17.0 17.0 17.0 17.0 17.0 17.0 17.0 17.0 17.0 17.0 17.0 17.0 17.0 17.0


# name: Intk_Mani_Press
# type: matrix
# rows: 1
# columns: 2627
 56.0 56.0 56.0 56.0 56.0 56.0 56.0 57.0 57.0 58.0 58.0 59.0 59.0 61.0 60.0 60.0 60.0 59.0 59.0 59.0 58.0 58.0 58.0 57.0 57.0 57.0 57.0 60.0 72.0 74.0 89.0 76.0 63.0 54.0 49.0 47.0 52.0 58.0 67.0 76.0 78.0 72.0 42.0 69.0 101.0 71.0 83.0 91.0 103.0 96.0 35.0 23.0 24.0 24.0 25.0 25.0 17.0 23.0 29.0 31.0 32.0 45.0 56.0 57.0 54.0 51.0 53.0 98.0 123.0 140.0 172.0 175.0 181.0 163.0 19.0 175.0 178.0 182.0 185.0 188.0 120.0 19.0 136.0 183.0 185.0 46.0 20.0 47.0 45.0 51.0 44.0 28.0 20.0 20.0 20.0 21.0 22.0 22.0 22.0 22.0 23.0 21.0 21.0 23.0 58.0 82.0 85.0 92.0 58.0 29.0 24.0 29.0 24.0 21.0 21.0 22.0 23.0 23.0 25.0 26.0 29.0 29.0 31.0 33.0 24.0 25.0 27.0 27.0 26.0 21.0 20.0 24.0 25.0 25.0 25.0 25.0 21.0 21.0 21.0 22.0 22.0 22.0 23.0 23.0 23.0 23.0 23.0 24.0 24.0 24.0 24.0 25.0 25.0 25.0 25.0 25.0 26.0 25.0 85.0 43.0 39.0 48.0 49.0 91.0 52.0 54.0 51.0 82.0 119.0 41.0 33.0 109.0 32.0 24.0 23.0 24.0 15.0 94.0 39.0 25.0 26.0 29.0 30.0 31.0 37.0 47.0 106.0 51.0 40.0 49.0 83.0 48.0 111.0 41.0 132.0 31.0 32.0 109.0 39.0 45.0 48.0 48.0 48.0 48.0 49.0 50.0 52.0 52.0 52.0 53.0 52.0 51.0 51.0 50.0 50.0 51.0 51.0 52.0 53.0 52.0 52.0 53.0 52.0 52.0 51.0 52.0 52.0 52.0 52.0 52.0 52.0 53.0 54.0 54.0 82.0 77.0 84.0 69.0 35.0 86.0 69.0 59.0 57.0 58.0 69.0 95.0 100.0 39.0 77.0 111.0 107.0 95.0 90.0 86.0 76.0 75.0 70.0 69.0 68.0 72.0 71.0 69.0 27.0 52.0 109.0 110.0 94.0 69.0 69.0 76.0 70.0 70.0 68.0 64.0 62.0 62.0 52.0 51.0 49.0 50.0 51.0 55.0 57.0 57.0 55.0 54.0 54.0 49.0 40.0 39.0 38.0 38.0 38.0 40.0 44.0 47.0 52.0 52.0 53.0 55.0 55.0 56.0 56.0 61.0 61.0 62.0 33.0 27.0 45.0 160.0 160.0 161.0 162.0 163.0 164.0 164.0 165.0 165.0 165.0 165.0 166.0 166.0 166.0 166.0 166.0 166.0 117.0 127.0 119.0 127.0 128.0 129.0 128.0 128.0 128.0 128.0 128.0 128.0 128.0 129.0 128.0 129.0 128.0 87.0 106.0 107.0 108.0 107.0 108.0 108.0 107.0 107.0 107.0 108.0 136.0 165.0 150.0 126.0 125.0 129.0 129.0 128.0 128.0 128.0 131.0 131.0 130.0 131.0 130.0 129.0 135.0 168.0 172.0 173.0 175.0 169.0 106.0 81.0 69.0 62.0 55.0 52.0 51.0 50.0 51.0 51.0 51.0 51.0 54.0 54.0 54.0 54.0 54.0 55.0 55.0 55.0 55.0 56.0 56.0 51.0 48.0 48.0 56.0 62.0 56.0 56.0 56.0 56.0 56.0 27.0 100.0 106.0 121.0 110.0 105.0 95.0 98.0 98.0 98.0 97.0 97.0 125.0 158.0 157.0 157.0 156.0 156.0 156.0 155.0 157.0 172.0 177.0 177.0 176.0 177.0 176.0 176.0 176.0 176.0 180.0 180.0 180.0 180.0 180.0 180.0 180.0 180.0 180.0 180.0 180.0 180.0 175.0 170.0 169.0 172.0 91.0 65.0 23.0 21.0 24.0 21.0 91.0 100.0 106.0 90.0 74.0 71.0 71.0 62.0 58.0 58.0 58.0 58.0 58.0 58.0 57.0 57.0 57.0 57.0 57.0 57.0 57.0 57.0 57.0 57.0 88.0 92.0 92.0 92.0 92.0 92.0 92.0 93.0 93.0 93.0 93.0 139.0 150.0 151.0 147.0 150.0 152.0 151.0 149.0 152.0 154.0 162.0 170.0 173.0 174.0 170.0 170.0 172.0 170.0 168.0 171.0 171.0 168.0 185.0 185.0 185.0 186.0 186.0 186.0 186.0 186.0 187.0 187.0 187.0 187.0 187.0 168.0 28.0 22.0 21.0 21.0 20.0 20.0 53.0 125.0 182.0 183.0 183.0 183.0 184.0 122.0 42.0 65.0 66.0 79.0 155.0 65.0 61.0 65.0 66.0 63.0 55.0 55.0 55.0 57.0 57.0 57.0 58.0 58.0 57.0 58.0 58.0 58.0 58.0 58.0 58.0 58.0 58.0 58.0 58.0 35.0 65.0 105.0 82.0 83.0 139.0 176.0 85.0 79.0 80.0 80.0 80.0 80.0 80.0 117.0 114.0 113.0 113.0 113.0 113.0 113.0 113.0 113.0 118.0 142.0 169.0 162.0 163.0 169.0 160.0 162.0 168.0 166.0 163.0 188.0 188.0 189.0 188.0 188.0 188.0 188.0 188.0 188.0 188.0 189.0 188.0 189.0 159.0 31.0 28.0 33.0 41.0 73.0 67.0 63.0 60.0 57.0 57.0 57.0 57.0 57.0 58.0 62.0 62.0 62.0 62.0 86.0 102.0 157.0 187.0 188.0 190.0 68.0 87.0 115.0 47.0 47.0 51.0 54.0 54.0 54.0 54.0 72.0 79.0 107.0 115.0 76.0 75.0 72.0 67.0 66.0 66.0 66.0 66.0 66.0 66.0 19.0 18.0 18.0 18.0 18.0 18.0 18.0 18.0 18.0 18.0 18.0 18.0 18.0 31.0 38.0 53.0 58.0 62.0 62.0 48.0 40.0 39.0 126.0 19.0 29.0 39.0 54.0 90.0 143.0 66.0 70.0 32.0 34.0 23.0 143.0 181.0 183.0 185.0 162.0 67.0 140.0 87.0 97.0 60.0 50.0 45.0 48.0 84.0 83.0 70.0 61.0 55.0 55.0 58.0 58.0 58.0 59.0 58.0 59.0 58.0 24.0 83.0 124.0 124.0 129.0 103.0 103.0 102.0 103.0 103.0 103.0 103.0 146.0 146.0 142.0 141.0 139.0 141.0 142.0 161.0 169.0 168.0 167.0 168.0 168.0 166.0 168.0 169.0 194.0 195.0 195.0 195.0 195.0 195.0 195.0 195.0 195.0 44.0 19.0 19.0 19.0 19.0 19.0 18.0 53.0 72.0 90.0 147.0 155.0 123.0 119.0 106.0 72.0 60.0 31.0 31.0 36.0 44.0 48.0 62.0 61.0 56.0 57.0 65.0 79.0 79.0 67.0 20.0 69.0 73.0 66.0 76.0 76.0 70.0 67.0 67.0 67.0 67.0 67.0 75.0 75.0 71.0 70.0 66.0 70.0 70.0 73.0 73.0 72.0 70.0 73.0 72.0 72.0 71.0 70.0 70.0 70.0 67.0 67.0 67.0 67.0 59.0 59.0 61.0 64.0 67.0 70.0 72.0 72.0 72.0 72.0 72.0 72.0 70.0 66.0 66.0 66.0 66.0 67.0 66.0 64.0 61.0 61.0 69.0 74.0 77.0 65.0 57.0 62.0 62.0 60.0 59.0 23.0 20.0 20.0 20.0 23.0 90.0 168.0 179.0 180.0 175.0 105.0 69.0 54.0 39.0 33.0 27.0 40.0 42.0 48.0 61.0 84.0 94.0 97.0 96.0 81.0 80.0 80.0 72.0 70.0 67.0 56.0 43.0 38.0 37.0 32.0 31.0 31.0 19.0 19.0 23.0 20.0 18.0 18.0 18.0 19.0 20.0 21.0 21.0 23.0 24.0 37.0 41.0 95.0 84.0 105.0 60.0 34.0 37.0 35.0 46.0 62.0 53.0 75.0 107.0 152.0 178.0 186.0 193.0 22.0 183.0 26.0 20.0 20.0 19.0 22.0 21.0 36.0 54.0 46.0 42.0 42.0 47.0 45.0 43.0 25.0 23.0 24.0 16.0 24.0 28.0 30.0 31.0 33.0 78.0 80.0 72.0 75.0 77.0 86.0 87.0 82.0 70.0 62.0 25.0 24.0 53.0 79.0 86.0 89.0 96.0 67.0 24.0 77.0 83.0 91.0 115.0 135.0 137.0 89.0 54.0 49.0 71.0 74.0 73.0 73.0 77.0 84.0 88.0 89.0 76.0 69.0 118.0 146.0 137.0 76.0 75.0 106.0 116.0 56.0 62.0 76.0 62.0 65.0 66.0 66.0 65.0 66.0 66.0 39.0 18.0 18.0 18.0 25.0 160.0 150.0 189.0 173.0 79.0 80.0 86.0 87.0 87.0 87.0 88.0 87.0 126.0 128.0 129.0 128.0 128.0 128.0 128.0 130.0 159.0 161.0 160.0 162.0 158.0 158.0 157.0 170.0 193.0 184.0 185.0 183.0 183.0 184.0 184.0 186.0 200.0 201.0 201.0 202.0 202.0 202.0 202.0 203.0 201.0 158.0 69.0 70.0 71.0 71.0 70.0 71.0 71.0 71.0 63.0 62.0 62.0 59.0 28.0 92.0 120.0 93.0 83.0 83.0 90.0 115.0 128.0 126.0 132.0 133.0 133.0 134.0 134.0 134.0 135.0 156.0 159.0 157.0 155.0 157.0 155.0 156.0 156.0 155.0 159.0 174.0 173.0 173.0 169.0 168.0 165.0 165.0 169.0 167.0 181.0 184.0 186.0 185.0 185.0 186.0 187.0 187.0 206.0 206.0 206.0 206.0 206.0 206.0 207.0 207.0 207.0 181.0 122.0 129.0 206.0 185.0 129.0 80.0 81.0 93.0 84.0 84.0 84.0 25.0 138.0 155.0 153.0 153.0 202.0 205.0 205.0 206.0 206.0 207.0 207.0 207.0 207.0 208.0 208.0 209.0 208.0 209.0 88.0 91.0 94.0 95.0 30.0 195.0 204.0 206.0 206.0 207.0 208.0 208.0 209.0 208.0 209.0 209.0 154.0 26.0 24.0 23.0 20.0 19.0 20.0 19.0 18.0 19.0 19.0 19.0 19.0 19.0 19.0 20.0 25.0 38.0 47.0 57.0 66.0 69.0 70.0 75.0 80.0 79.0 79.0 78.0 78.0 79.0 81.0 74.0 70.0 70.0 70.0 70.0 70.0 70.0 70.0 69.0 51.0 41.0 19.0 62.0 100.0 106.0 84.0 73.0 42.0 38.0 45.0 60.0 70.0 55.0 52.0 39.0 19.0 25.0 35.0 41.0 54.0 182.0 183.0 183.0 184.0 184.0 185.0 185.0 186.0 187.0 188.0 190.0 190.0 191.0 76.0 19.0 19.0 19.0 19.0 20.0 143.0 44.0 62.0 76.0 20.0 127.0 186.0 188.0 190.0 191.0 194.0 196.0 199.0 200.0 201.0 202.0 203.0 146.0 19.0 19.0 18.0 18.0 18.0 18.0 18.0 19.0 19.0 33.0 189.0 194.0 197.0 199.0 201.0 202.0 202.0 204.0 206.0 22.0 19.0 18.0 19.0 19.0 19.0 18.0 19.0 18.0 26.0 45.0 59.0 64.0 58.0 19.0 18.0 18.0 19.0 36.0 174.0 183.0 183.0 184.0 185.0 186.0 188.0 189.0 26.0 18.0 19.0 18.0 18.0 73.0 182.0 184.0 185.0 102.0 19.0 18.0 18.0 18.0 17.0 34.0 68.0 84.0 102.0 124.0 130.0 126.0 125.0 24.0 50.0 196.0 198.0 199.0 202.0 203.0 204.0 203.0 204.0 73.0 198.0 205.0 206.0 207.0 43.0 19.0 19.0 19.0 18.0 18.0 18.0 18.0 19.0 28.0 42.0 48.0 50.0 44.0 49.0 52.0 55.0 60.0 70.0 69.0 18.0 17.0 18.0 18.0 18.0 18.0 18.0 18.0 21.0 177.0 182.0 183.0 184.0 186.0 188.0 190.0 191.0 192.0 192.0 193.0 195.0 196.0 198.0 199.0 67.0 18.0 18.0 18.0 18.0 18.0 18.0 19.0 19.0 19.0 19.0 19.0 19.0 20.0 158.0 183.0 184.0 184.0 184.0 184.0 185.0 185.0 186.0 187.0 188.0 190.0 191.0 192.0 193.0 193.0 194.0 195.0 196.0 197.0 199.0 200.0 201.0 201.0 201.0 203.0 203.0 204.0 204.0 205.0 205.0 205.0 205.0 206.0 206.0 206.0 206.0 206.0 206.0 207.0 206.0 207.0 207.0 21.0 19.0 19.0 19.0 18.0 18.0 18.0 18.0 18.0 19.0 21.0 22.0 67.0 81.0 81.0 81.0 81.0 81.0 84.0 94.0 106.0 106.0 113.0 123.0 144.0 158.0 164.0 138.0 87.0 94.0 33.0 21.0 20.0 20.0 21.0 22.0 24.0 125.0 152.0 163.0 40.0 25.0 84.0 75.0 170.0 71.0 171.0 184.0 187.0 190.0 193.0 165.0 20.0 99.0 133.0 22.0 49.0 140.0 156.0 25.0 20.0 20.0 22.0 77.0 91.0 91.0 89.0 89.0 87.0 71.0 64.0 63.0 57.0 54.0 44.0 39.0 36.0 45.0 48.0 48.0 48.0 49.0 27.0 21.0 20.0 22.0 26.0 74.0 84.0 90.0 98.0 100.0 99.0 105.0 108.0 91.0 85.0 85.0 77.0 77.0 70.0 60.0 43.0 42.0 59.0 63.0 68.0 71.0 47.0 44.0 42.0 36.0 32.0 31.0 36.0 50.0 43.0 48.0 57.0 61.0 89.0 123.0 146.0 155.0 159.0 132.0 94.0 79.0 76.0 70.0 64.0 64.0 53.0 52.0 40.0 38.0 39.0 40.0 41.0 45.0 45.0 50.0 54.0 56.0 47.0 47.0 48.0 48.0 38.0 33.0 43.0 48.0 44.0 45.0 62.0 74.0 71.0 61.0 64.0 48.0 61.0 58.0 57.0 60.0 62.0 62.0 63.0 64.0 69.0 72.0 72.0 72.0 72.0 74.0 71.0 66.0 68.0 69.0 55.0 44.0 27.0 19.0 19.0 20.0 21.0 20.0 40.0 57.0 65.0 94.0 135.0 142.0 145.0 138.0 29.0 50.0 53.0 54.0 66.0 86.0 97.0 83.0 58.0 60.0 64.0 54.0 49.0 47.0 48.0 51.0 51.0 74.0 81.0 81.0 76.0 70.0 69.0 66.0 62.0 58.0 51.0 50.0 50.0 54.0 54.0 54.0 57.0 54.0 53.0 46.0 43.0 43.0 47.0 47.0 50.0 52.0 52.0 53.0 56.0 56.0 57.0 60.0 64.0 71.0 71.0 76.0 77.0 83.0 85.0 85.0 85.0 88.0 91.0 90.0 89.0 89.0 89.0 90.0 91.0 76.0 68.0 62.0 57.0 55.0 56.0 59.0 59.0 60.0 60.0 63.0 63.0 63.0 63.0 63.0 63.0 63.0 67.0 68.0 68.0 68.0 67.0 67.0 67.0 71.0 71.0 70.0 70.0 70.0 70.0 69.0 69.0 69.0 69.0 69.0 69.0 68.0 61.0 61.0 61.0 61.0 66.0 68.0 69.0 69.0 70.0 69.0 66.0 66.0 66.0 62.0 62.0 57.0 49.0 45.0 65.0 68.0 60.0 59.0 57.0 64.0 64.0 64.0 64.0 64.0 64.0 64.0 62.0 57.0 57.0 53.0 53.0 53.0 59.0 60.0 60.0 65.0 58.0 57.0 57.0 60.0 65.0 69.0 57.0 49.0 46.0 31.0 21.0 31.0 56.0 47.0 47.0 50.0 60.0 66.0 73.0 67.0 65.0 67.0 76.0 75.0 72.0 59.0 67.0 73.0 78.0 79.0 71.0 68.0 67.0 66.0 66.0 66.0 70.0 66.0 53.0 58.0 59.0 65.0 68.0 61.0 59.0 64.0 64.0 64.0 68.0 73.0 73.0 73.0 71.0 68.0 68.0 68.0 68.0 69.0 72.0 79.0 82.0 90.0 89.0 102.0 98.0 75.0 63.0 64.0 68.0 22.0 20.0 19.0 43.0 47.0 51.0 59.0 54.0 26.0 19.0 40.0 85.0 89.0 77.0 73.0 84.0 85.0 85.0 80.0 74.0 74.0 67.0 65.0 59.0 59.0 65.0 75.0 74.0 57.0 23.0 22.0 36.0 49.0 35.0 34.0 22.0 20.0 33.0 47.0 56.0 54.0 54.0 48.0 48.0 51.0 45.0 23.0 20.0 21.0 22.0 23.0 23.0 23.0 24.0 24.0 25.0 35.0 46.0 63.0 155.0 171.0 175.0 176.0 177.0 80.0 25.0 40.0 21.0 28.0 85.0 81.0 25.0 21.0 23.0 26.0 126.0 127.0 110.0 84.0 57.0 30.0 22.0 22.0 23.0 37.0 48.0 49.0 45.0 38.0 22.0 22.0 25.0 25.0 68.0 37.0 69.0 29.0 27.0 78.0 82.0 92.0 36.0 27.0 28.0 49.0 109.0 59.0 34.0 30.0 30.0 30.0 34.0 47.0 48.0 81.0 71.0 66.0 40.0 39.0 33.0 25.0 49.0 52.0 34.0 55.0 38.0 26.0 26.0 28.0 29.0 30.0 36.0 48.0 50.0 52.0 51.0 48.0 47.0 46.0 46.0 47.0 73.0 64.0 70.0 79.0 45.0 34.0 45.0 83.0 103.0 115.0 127.0 143.0 28.0 22.0 23.0 26.0 98.0 81.0 29.0 30.0 30.0 31.0 30.0 33.0 70.0 69.0 57.0 45.0 65.0 70.0 69.0 72.0 59.0 51.0 51.0 61.0 73.0 57.0 45.0 34.0 31.0 33.0 23.0 22.0 44.0 43.0 39.0 42.0 30.0 31.0 24.0 53.0 69.0 78.0 68.0 80.0 93.0 100.0 97.0 94.0 141.0 177.0 183.0 188.0 192.0 121.0 19.0 18.0 18.0 18.0 18.0 18.0 18.0 19.0 18.0 19.0 19.0 19.0 47.0 58.0 55.0 25.0 43.0 51.0 53.0 50.0 35.0 34.0 68.0 81.0 92.0 100.0 107.0 107.0 104.0 107.0 107.0 89.0 24.0 28.0 80.0 89.0 99.0 99.0 97.0 95.0 95.0 94.0 87.0 22.0 60.0 79.0 75.0 73.0 73.0 72.0 72.0 68.0 56.0 66.0 65.0 60.0 55.0 40.0 20.0 20.0 33.0 41.0 42.0 42.0 46.0 58.0 60.0 62.0 71.0 58.0 61.0 65.0 73.0 74.0 68.0 68.0 73.0 74.0 68.0 66.0 66.0 57.0 39.0 28.0 21.0 21.0 21.0 21.0 22.0 23.0 23.0 23.0 24.0 24.0 24.0 83.0 156.0 160.0 162.0 163.0 164.0 165.0 167.0 135.0 99.0 88.0 87.0 80.0 76.0 47.0 42.0 38.0 55.0 67.0 81.0 85.0 96.0 86.0 59.0 44.0 23.0 20.0 20.0 136.0 123.0 25.0 20.0 21.0 21.0 22.0 22.0 73.0 124.0 138.0 143.0 146.0 110.0 30.0 40.0 59.0 67.0 69.0 80.0 96.0 90.0 83.0 83.0 75.0 74.0 75.0 79.0 80.0 80.0 80.0 80.0 76.0 75.0 65.0 61.0 59.0 57.0 43.0 20.0 20.0 21.0 21.0 24.0 29.0 21.0 21.0 23.0 23.0 24.0 24.0 36.0 49.0 72.0 77.0 53.0 25.0 23.0 24.0 18.0 30.0 37.0 28.0 15.0 27.0 30.0 31.0 34.0 31.0 31.0 31.0 40.0 48.0 48.0 49.0 79.0 118.0 133.0 151.0 164.0 173.0 174.0 182.0 44.0 23.0 73.0 92.0 43.0 34.0 37.0 20.0 36.0 38.0 21.0 23.0 22.0 20.0 20.0 22.0 23.0 24.0 25.0 24.0 16.0 12.0 12.0 26.0 29.0 32.0 41.0 48.0 48.0 47.0 47.0 47.0 47.0 47.0 53.0 93.0 102.0 110.0 129.0 38.0 39.0 67.0 66.0 66.0 60.0 55.0 54.0 24.0 22.0 24.0 24.0 24.0 15.0 12.0 11.0 11.0 17.0 25.0 26.0 28.0 39.0 47.0 49.0 49.0 49.0 49.0 49.0 49.0 49.0 49.0 49.0 49.0 49.0 49.0 49.0 48.0 83.0 87.0 105.0 95.0 31.0 75.0 78.0 85.0 89.0 85.0 46.0 26.0 51.0 45.0 39.0 35.0 27.0 27.0 29.0 29.0 28.0 28.0 30.0 31.0 35.0 47.0 50.0 50.0 49.0 48.0 58.0 62.0 66.0 55.0 46.0 44.0 44.0 48.0 58.0 78.0 93.0 96.0 62.0 32.0 96.0 86.0 81.0 73.0 71.0 59.0 36.0 24.0 24.0 18.0 28.0 59.0 74.0 51.0 32.0 34.0 38.0 33.0 32.0 28.0 27.0 28.0 36.0 73.0 87.0 98.0 95.0 81.0 64.0 47.0 30.0 23.0 25.0 17.0 26.0 29.0 42.0 86.0 95.0 98.0 100.0 96.0 94.0 86.0 74.0 58.0 52.0 40.0 35.0 38.0 44.0 46.0 32.0 31.0 32.0 35.0 44.0 53.0 60.0 43.0 73.0 81.0 97.0 88.0 81.0 75.0 69.0 65.0 59.0 67.0 78.0 82.0 84.0 95.0 106.0 103.0 97.0 83.0 70.0 58.0 58.0 55.0 40.0 38.0 53.0 64.0 65.0 66.0 65.0 63.0 76.0 70.0 90.0 74.0 63.0 75.0 92.0 61.0 62.0 114.0 119.0 108.0 42.0 40.0 51.0 53.0 53.0 54.0 53.0 53.0 92.0 96.0 81.0 60.0 63.0 62.0 61.0 61.0 61.0 60.0 61.0 61.0 61.0 60.0 60.0 60.0 60.0 60.0 60.0 61.0 60.0 60.0 60.0 60.0 59.0 58.0 57.0 55.0 149.0 30.0 29.0 34.0 41.0 110.0 46.0 29.0 36.0 106.0 54.0 21.0 23.0 29.0 38.0 39.0 44.0 64.0 63.0 59.0 56.0 56.0 57.0 57.0 57.0 57.0 57.0 57.0 57.0 57.0 57.0 56.0 57.0 56.0 57.0 57.0 57.0 56.0 56.0 56.0 57.0 59.0 57.0 56.0 56.0 54.0 53.0 53.0 53.0 53.0 53.0 53.0 53.0 53.0 53.0 53.0 53.0 53.0 53.0 53.0 53.0 52.0 67.0 99.0 99.0 99.0 99.0 99.0 99.0 99.0 99.0 99.0 99.0 99.0 99.0 99.0 99.0 99.0 99.0 99.0 99.0 99.0 99.0 99.0 99.0 99.0 99.0 99.0 99.0 99.0 99.0 99.0 99.0 99.0


# name: Ign_Adv
# type: matrix
# rows: 1
# columns: 2627
 2.0 3.0 3.0 3.0 5.0 3.0 5.0 4.0 5.0 5.0 4.0 4.0 4.0 1.0 1.0 1.0 2.0 1.0 2.0 2.0 1.0 1.0 1.0 3.0 2.0 2.0 1.0 13.0 11.0 18.0 7.0 4.0 7.0 15.0 40.0 41.0 35.0 28.0 28.0 28.0 29.0 32.0 15.0 25.0 13.0 22.0 27.0 25.0 25.0 7.0 -2.0 -1.0 48.0 47.0 47.0 47.0 46.0 -5.0 2.0 -7.0 43.0 40.0 32.0 33.0 37.0 40.0 31.0 23.0 20.0 18.0 15.0 19.0 22.0 -4.0 49.0 18.0 19.0 20.0 22.0 23.0 -7.0 49.0 21.0 22.0 22.0 1.0 5.0 45.0 45.0 42.0 31.0 21.0 2.0 -1.0 -1.0 49.0 49.0 48.0 48.0 48.0 9.0 5.0 48.0 48.0 34.0 31.0 30.0 29.0 9.0 48.0 48.0 48.0 0.0 -2.0 48.0 48.0 48.0 48.0 48.0 48.0 48.0 48.0 48.0 48.0 32.0 48.0 48.0 48.0 31.0 21.0 20.0 48.0 48.0 48.0 48.0 48.0 19.0 5.0 5.0 -2.0 -2.0 48.0 48.0 48.0 48.0 48.0 47.0 47.0 47.0 47.0 47.0 47.0 47.0 47.0 47.0 47.0 47.0 47.0 -18.0 44.0 -4.0 0.0 0.0 -19.0 -13.0 -5.0 4.0 -19.0 -13.0 0.0 13.0 -16.0 -3.0 -2.0 47.0 47.0 46.0 -6.0 -4.0 5.0 -5.0 -7.0 -8.0 -3.0 25.0 4.0 -22.0 -10.0 0.0 16.0 -18.0 -10.0 30.0 -7.0 -17.0 -5.0 34.0 29.0 34.0 0.0 3.0 4.0 7.0 7.0 11.0 8.0 7.0 5.0 6.0 3.0 3.0 4.0 5.0 5.0 8.0 5.0 7.0 2.0 3.0 6.0 2.0 2.0 4.0 4.0 7.0 5.0 5.0 5.0 5.0 5.0 4.0 2.0 2.0 21.0 25.0 26.0 26.0 -1.0 43.0 25.0 20.0 32.0 34.0 33.0 29.0 26.0 28.0 -3.0 24.0 14.0 16.0 25.0 26.0 28.0 30.0 31.0 32.0 32.0 33.0 32.0 32.0 2.0 25.0 30.0 21.0 21.0 26.0 31.0 29.0 29.0 31.0 31.0 31.0 32.0 32.0 33.0 39.0 40.0 41.0 40.0 39.0 35.0 34.0 34.0 37.0 37.0 38.0 25.0 47.0 47.0 47.0 47.0 47.0 47.0 46.0 41.0 38.0 38.0 37.0 36.0 36.0 36.0 35.0 32.0 32.0 32.0 -4.0 -4.0 7.0 12.0 12.0 13.0 12.0 13.0 13.0 13.0 13.0 13.0 13.0 13.0 13.0 13.0 13.0 13.0 13.0 13.0 20.0 18.0 19.0 18.0 18.0 18.0 18.0 18.0 18.0 18.0 18.0 17.0 18.0 18.0 18.0 18.0 19.0 26.0 23.0 23.0 23.0 23.0 23.0 23.0 23.0 23.0 23.0 22.0 16.0 11.0 20.0 20.0 20.0 19.0 19.0 19.0 19.0 19.0 18.0 18.0 18.0 18.0 18.0 18.0 17.0 13.0 14.0 14.0 14.0 15.0 8.0 31.0 34.0 35.0 39.0 41.0 41.0 42.0 41.0 41.0 41.0 41.0 39.0 39.0 39.0 39.0 39.0 38.0 38.0 38.0 38.0 38.0 38.0 43.0 43.0 43.0 37.0 35.0 37.0 37.0 37.0 38.0 37.0 37.0 27.0 26.0 25.0 26.0 28.0 28.0 28.0 28.0 28.0 28.0 28.0 21.0 16.0 16.0 16.0 16.0 16.0 17.0 17.0 16.0 13.0 14.0 15.0 15.0 15.0 15.0 15.0 15.0 15.0 14.0 14.0 14.0 14.0 14.0 14.0 14.0 14.0 14.0 14.0 14.0 15.0 16.0 16.0 17.0 18.0 29.0 -3.0 13.0 -1.0 48.0 49.0 29.0 27.0 26.0 29.0 33.0 34.0 34.0 37.0 38.0 38.0 38.0 38.0 38.0 38.0 38.0 38.0 38.0 38.0 38.0 38.0 38.0 38.0 38.0 38.0 30.0 29.0 29.0 29.0 29.0 29.0 29.0 29.0 29.0 29.0 29.0 22.0 22.0 23.0 23.0 22.0 22.0 23.0 22.0 22.0 22.0 20.0 19.0 18.0 17.0 19.0 19.0 18.0 18.0 18.0 19.0 19.0 19.0 16.0 16.0 16.0 16.0 16.0 16.0 16.0 16.0 15.0 15.0 15.0 15.0 13.0 -13.0 8.0 13.0 49.0 49.0 49.0 49.0 34.0 18.0 14.0 14.0 15.0 16.0 18.0 5.0 39.0 36.0 36.0 31.0 23.0 36.0 38.0 37.0 37.0 38.0 40.0 40.0 39.0 39.0 38.0 39.0 38.0 38.0 38.0 38.0 38.0 38.0 38.0 38.0 38.0 38.0 38.0 38.0 38.0 11.0 29.0 14.0 31.0 32.0 23.0 11.0 32.0 33.0 33.0 33.0 33.0 33.0 33.0 28.0 29.0 29.0 29.0 29.0 29.0 29.0 29.0 29.0 28.0 24.0 23.0 22.0 24.0 23.0 23.0 25.0 24.0 24.0 20.0 18.0 18.0 14.0 16.0 16.0 16.0 16.0 16.0 16.0 16.0 16.0 16.0 16.0 0.0 49.0 49.0 49.0 45.0 35.0 36.0 37.0 38.0 39.0 38.0 38.0 38.0 38.0 38.0 37.0 37.0 37.0 37.0 29.0 27.0 19.0 19.0 20.0 8.0 35.0 30.0 7.0 46.0 44.0 43.0 42.0 41.0 41.0 41.0 35.0 35.0 29.0 29.0 36.0 36.0 37.0 38.0 38.0 38.0 38.0 38.0 38.0 38.0 11.0 49.0 49.0 49.0 49.0 49.0 49.0 49.0 49.0 49.0 49.0 49.0 49.0 49.0 49.0 40.0 37.0 37.0 37.0 46.0 48.0 0.0 -8.0 49.0 49.0 45.0 40.0 30.0 26.0 37.0 40.0 49.0 49.0 49.0 19.0 17.0 19.0 20.0 28.0 33.0 28.0 32.0 32.0 41.0 45.0 46.0 43.0 33.0 34.0 37.0 41.0 42.0 42.0 41.0 40.0 40.0 40.0 40.0 40.0 5.0 26.0 28.0 30.0 30.0 31.0 32.0 32.0 32.0 32.0 32.0 32.0 32.0 30.0 30.0 29.0 29.0 29.0 29.0 29.0 25.0 26.0 26.0 26.0 26.0 26.0 26.0 26.0 26.0 20.0 22.0 20.0 21.0 21.0 21.0 22.0 21.0 21.0 2.0 10.0 49.0 49.0 49.0 49.0 36.0 38.0 35.0 29.0 25.0 23.0 27.0 29.0 31.0 37.0 42.0 49.0 49.0 48.0 45.0 43.0 37.0 41.0 40.0 40.0 37.0 35.0 34.0 -4.0 49.0 34.0 34.0 35.0 33.0 33.0 34.0 35.0 35.0 35.0 35.0 35.0 33.0 33.0 35.0 35.0 36.0 34.0 34.0 34.0 34.0 35.0 35.0 34.0 34.0 34.0 34.0 35.0 35.0 35.0 35.0 35.0 35.0 35.0 37.0 37.0 37.0 36.0 35.0 34.0 34.0 34.0 34.0 34.0 34.0 34.0 35.0 35.0 35.0 35.0 35.0 35.0 35.0 36.0 37.0 37.0 35.0 34.0 32.0 36.0 38.0 37.0 37.0 37.0 37.0 10.0 21.0 49.0 49.0 49.0 22.0 15.0 16.0 16.0 20.0 16.0 35.0 42.0 49.0 49.0 49.0 48.0 47.0 41.0 35.0 30.0 29.0 29.0 29.0 32.0 32.0 32.0 34.0 34.0 36.0 38.0 47.0 49.0 49.0 49.0 49.0 22.0 25.0 25.0 47.0 49.0 49.0 49.0 49.0 49.0 48.0 46.0 48.0 47.0 41.0 -1.0 14.0 20.0 15.0 24.0 10.0 47.0 47.0 47.0 37.0 32.0 36.0 28.0 24.0 20.0 20.0 24.0 24.0 49.0 8.0 9.0 24.0 48.0 46.0 48.0 48.0 48.0 37.0 45.0 47.0 47.0 45.0 45.0 23.0 -2.0 -3.0 47.0 46.0 -5.0 -6.0 -7.0 -8.0 39.0 22.0 10.0 27.0 27.0 27.0 27.0 28.0 30.0 34.0 13.0 -2.0 46.0 23.0 22.0 29.0 29.0 29.0 5.0 47.0 31.0 20.0 29.0 26.0 22.0 25.0 11.0 29.0 39.0 35.0 34.0 34.0 34.0 34.0 32.0 32.0 32.0 35.0 36.0 31.0 28.0 32.0 37.0 35.0 31.0 22.0 42.0 38.0 37.0 40.0 38.0 38.0 38.0 38.0 38.0 38.0 8.0 11.0 49.0 16.0 13.0 29.0 28.0 24.0 11.0 36.0 36.0 35.0 35.0 35.0 35.0 35.0 35.0 31.0 31.0 31.0 31.0 31.0 31.0 31.0 28.0 25.0 26.0 26.0 26.0 27.0 27.0 27.0 24.0 24.0 24.0 24.0 24.0 24.0 24.0 24.0 24.0 22.0 22.0 19.0 20.0 20.0 20.0 20.0 20.0 22.0 23.0 37.0 39.0 38.0 38.0 38.0 38.0 38.0 38.0 40.0 40.0 40.0 4.0 17.0 35.0 30.0 37.0 37.0 37.0 34.0 30.0 29.0 29.0 27.0 28.0 28.0 28.0 28.0 28.0 27.0 24.0 25.0 25.0 24.0 25.0 24.0 24.0 24.0 25.0 23.0 23.0 23.0 22.0 23.0 23.0 24.0 23.0 23.0 22.0 22.0 22.0 23.0 23.0 23.0 23.0 23.0 23.0 22.0 22.0 22.0 22.0 20.0 20.0 20.0 20.0 21.0 23.0 29.0 18.0 21.0 25.0 29.0 36.0 38.0 35.0 37.0 37.0 37.0 49.0 22.0 26.0 27.0 27.0 24.0 18.0 19.0 20.0 20.0 20.0 20.0 18.0 19.0 19.0 19.0 20.0 20.0 21.0 35.0 35.0 35.0 37.0 45.0 21.0 21.0 22.0 22.0 22.0 22.0 21.0 22.0 21.0 21.0 21.0 -5.0 49.0 49.0 49.0 49.0 49.0 49.0 14.0 13.0 49.0 49.0 49.0 49.0 32.0 49.0 49.0 49.0 48.0 43.0 37.0 36.0 35.0 35.0 34.0 33.0 33.0 33.0 33.0 33.0 32.0 32.0 34.0 35.0 35.0 35.0 35.0 35.0 35.0 35.0 35.0 45.0 11.0 19.0 9.0 25.0 26.0 29.0 36.0 49.0 49.0 44.0 36.0 29.0 38.0 41.0 1.0 19.0 49.0 49.0 49.0 20.0 14.0 14.0 15.0 16.0 16.0 17.0 18.0 19.0 19.0 20.0 21.0 22.0 22.0 0.0 9.0 49.0 49.0 49.0 49.0 -14.0 25.0 32.0 34.0 6.0 19.0 21.0 22.0 23.0 23.0 24.0 24.0 24.0 24.0 24.0 24.0 17.0 -5.0 48.0 49.0 49.0 49.0 49.0 49.0 49.0 49.0 22.0 45.0 20.0 20.0 20.0 20.0 20.0 20.0 20.0 20.0 8.0 49.0 49.0 49.0 49.0 49.0 49.0 49.0 49.0 49.0 49.0 44.0 38.0 37.0 3.0 18.0 23.0 49.0 49.0 49.0 12.0 13.0 14.0 15.0 16.0 17.0 18.0 18.0 4.0 49.0 49.0 49.0 49.0 17.0 15.0 16.0 17.0 -9.0 12.0 49.0 49.0 49.0 49.0 49.0 34.0 28.0 25.0 23.0 25.0 25.0 -9.0 20.0 23.0 22.0 22.0 22.0 23.0 23.0 23.0 24.0 24.0 10.0 21.0 21.0 22.0 23.0 5.0 49.0 49.0 49.0 49.0 49.0 49.0 35.0 49.0 49.0 47.0 44.0 43.0 46.0 43.0 41.0 40.0 38.0 36.0 12.0 20.0 49.0 49.0 49.0 49.0 49.0 49.0 49.0 49.0 16.0 18.0 19.0 19.0 20.0 21.0 22.0 22.0 23.0 23.0 23.0 23.0 24.0 24.0 24.0 4.0 11.0 49.0 49.0 49.0 49.0 49.0 49.0 49.0 49.0 49.0 49.0 49.0 49.0 14.0 16.0 16.0 16.0 17.0 17.0 18.0 19.0 19.0 20.0 20.0 22.0 22.0 22.0 23.0 23.0 23.0 23.0 23.0 24.0 24.0 17.0 18.0 20.0 20.0 20.0 21.0 21.0 21.0 20.0 21.0 21.0 20.0 20.0 21.0 20.0 20.0 20.0 21.0 20.0 20.0 20.0 -6.0 49.0 49.0 49.0 49.0 49.0 49.0 49.0 49.0 49.0 49.0 49.0 49.0 33.0 31.0 31.0 31.0 31.0 31.0 29.0 27.0 26.0 26.0 26.0 23.0 19.0 17.0 17.0 24.0 29.0 28.0 10.0 17.0 49.0 49.0 49.0 48.0 43.0 19.0 14.0 -1.0 -1.0 6.0 -14.0 22.0 13.0 -10.0 17.0 18.0 21.0 23.0 24.0 -1.0 49.0 24.0 -8.0 -1.0 36.0 21.0 -13.0 8.0 29.0 49.0 49.0 31.0 29.0 29.0 29.0 29.0 30.0 34.0 35.0 36.0 38.0 41.0 48.0 49.0 49.0 46.0 43.0 44.0 43.0 43.0 6.0 10.0 48.0 48.0 48.0 31.0 29.0 28.0 27.0 27.0 27.0 27.0 27.0 30.0 30.0 30.0 32.0 33.0 34.0 38.0 48.0 48.0 35.0 34.0 34.0 11.0 45.0 47.0 49.0 49.0 49.0 49.0 49.0 41.0 49.0 43.0 36.0 34.0 29.0 24.0 19.0 19.0 20.0 25.0 29.0 32.0 33.0 34.0 36.0 36.0 40.0 43.0 49.0 49.0 49.0 49.0 48.0 46.0 45.0 41.0 39.0 39.0 45.0 44.0 44.0 45.0 49.0 49.0 45.0 46.0 47.0 43.0 35.0 33.0 35.0 35.0 35.0 45.0 36.0 37.0 37.0 36.0 36.0 36.0 35.0 35.0 34.0 34.0 34.0 34.0 34.0 33.0 35.0 35.0 34.0 34.0 40.0 31.0 5.0 15.0 -1.0 49.0 49.0 48.0 47.0 34.0 33.0 27.0 20.0 19.0 19.0 8.0 1.0 35.0 40.0 38.0 33.0 29.0 28.0 19.0 36.0 36.0 35.0 40.0 44.0 44.0 43.0 41.0 40.0 32.0 31.0 31.0 32.0 34.0 34.0 35.0 36.0 37.0 42.0 42.0 42.0 39.0 39.0 38.0 37.0 39.0 40.0 45.0 47.0 47.0 45.0 44.0 41.0 40.0 40.0 40.0 38.0 37.0 37.0 37.0 35.0 34.0 33.0 32.0 31.0 31.0 30.0 30.0 30.0 29.0 29.0 29.0 29.0 29.0 29.0 29.0 30.0 33.0 35.0 36.0 38.0 38.0 37.0 37.0 37.0 37.0 37.0 35.0 36.0 35.0 35.0 35.0 35.0 35.0 35.0 35.0 35.0 35.0 35.0 35.0 35.0 34.0 34.0 34.0 34.0 34.0 34.0 34.0 34.0 34.0 34.0 34.0 34.0 35.0 36.0 36.0 36.0 36.0 35.0 35.0 34.0 34.0 34.0 34.0 35.0 35.0 35.0 36.0 36.0 39.0 42.0 44.0 35.0 34.0 37.0 37.0 37.0 35.0 35.0 35.0 35.0 35.0 35.0 35.0 37.0 37.0 37.0 39.0 39.0 39.0 36.0 36.0 36.0 35.0 37.0 37.0 37.0 36.0 35.0 34.0 38.0 43.0 46.0 49.0 49.0 49.0 36.0 45.0 44.0 41.0 35.0 34.0 33.0 34.0 34.0 34.0 32.0 33.0 33.0 36.0 34.0 33.0 31.0 31.0 34.0 34.0 35.0 35.0 35.0 35.0 34.0 36.0 39.0 37.0 36.0 34.0 34.0 36.0 36.0 35.0 35.0 35.0 33.0 33.0 33.0 33.0 35.0 34.0 34.0 34.0 34.0 33.0 33.0 31.0 30.0 29.0 29.0 28.0 29.0 33.0 35.0 35.0 13.0 8.0 9.0 49.0 45.0 45.0 40.0 36.0 43.0 8.0 18.0 44.0 29.0 29.0 33.0 33.0 30.0 30.0 30.0 31.0 32.0 32.0 34.0 35.0 35.0 36.0 34.0 32.0 34.0 -7.0 5.0 49.0 49.0 17.0 49.0 49.0 -1.0 49.0 49.0 41.0 37.0 38.0 39.0 43.0 43.0 41.0 46.0 7.0 16.0 48.0 48.0 48.0 47.0 47.0 47.0 47.0 43.0 8.0 2.0 15.0 19.0 14.0 16.0 17.0 19.0 3.0 49.0 6.0 16.0 49.0 29.0 33.0 29.0 8.0 47.0 47.0 17.0 19.0 26.0 31.0 36.0 -2.0 20.0 30.0 48.0 48.0 43.0 43.0 46.0 16.0 -2.0 47.0 46.0 46.0 13.0 -5.0 -11.0 -4.0 47.0 28.0 28.0 5.0 47.0 -1.0 44.0 20.0 22.0 -3.0 -5.0 45.0 -5.0 11.0 11.0 2.0 15.0 10.0 31.0 18.0 47.0 47.0 16.0 47.0 37.0 13.0 21.0 35.0 -2.0 -4.0 -5.0 -5.0 -6.0 4.0 25.0 3.0 -1.0 -1.0 2.0 5.0 7.0 9.0 9.0 19.0 20.0 27.0 26.0 28.0 -5.0 4.0 22.0 23.0 19.0 19.0 19.0 0.0 -1.0 13.0 47.0 47.0 16.0 -1.0 -4.0 -6.0 45.0 45.0 7.0 20.0 26.0 29.0 15.0 41.0 29.0 30.0 30.0 30.0 35.0 39.0 38.0 33.0 31.0 38.0 46.0 48.0 48.0 23.0 -1.0 32.0 44.0 48.0 48.0 26.0 48.0 48.0 47.0 34.0 31.0 31.0 33.0 31.0 28.0 28.0 28.0 29.0 23.0 19.0 23.0 24.0 24.0 -4.0 49.0 4.0 49.0 49.0 12.0 13.0 49.0 49.0 49.0 49.0 49.0 49.0 41.0 36.0 41.0 49.0 45.0 42.0 41.0 42.0 18.0 49.0 34.0 30.0 29.0 27.0 26.0 27.0 28.0 28.0 29.0 31.0 -1.0 32.0 23.0 29.0 27.0 28.0 28.0 29.0 29.0 28.0 -11.0 49.0 25.0 25.0 32.0 33.0 33.0 33.0 33.0 35.0 38.0 35.0 35.0 36.0 40.0 -1.0 5.0 49.0 49.0 49.0 47.0 47.0 44.0 35.0 35.0 34.0 34.0 35.0 34.0 33.0 32.0 32.0 33.0 33.0 32.0 32.0 33.0 34.0 34.0 38.0 24.0 -2.0 7.0 48.0 -2.0 -2.0 48.0 48.0 47.0 47.0 47.0 47.0 47.0 20.0 14.0 14.0 14.0 15.0 15.0 16.0 16.0 26.0 29.0 29.0 29.0 31.0 32.0 46.0 48.0 49.0 35.0 33.0 30.0 29.0 28.0 31.0 37.0 49.0 7.0 10.0 44.0 19.0 -16.0 2.0 9.0 48.0 48.0 48.0 48.0 27.0 22.0 19.0 19.0 18.0 9.0 49.0 47.0 35.0 34.0 33.0 30.0 29.0 30.0 30.0 30.0 32.0 33.0 32.0 31.0 31.0 31.0 31.0 31.0 32.0 33.0 35.0 36.0 36.0 38.0 8.0 10.0 14.0 49.0 48.0 48.0 -2.0 7.0 -2.0 48.0 47.0 47.0 47.0 47.0 35.0 30.0 31.0 -1.0 -3.0 3.0 47.0 45.0 4.0 -8.0 47.0 46.0 45.0 44.0 -6.0 -9.0 -6.0 -7.0 35.0 7.0 3.0 7.0 24.0 11.0 10.0 10.0 10.0 14.0 16.0 19.0 24.0 5.0 49.0 33.0 19.0 48.0 49.0 26.0 49.0 30.0 8.0 49.0 49.0 1.0 6.0 48.0 48.0 47.0 47.0 47.0 47.0 46.0 46.0 46.0 46.0 45.0 3.0 4.0 -1.0 4.0 10.0 6.0 4.0 6.0 7.0 14.0 23.0 22.0 8.0 25.0 -1.0 32.0 30.0 31.0 31.0 34.0 35.0 8.0 -2.0 47.0 47.0 47.0 47.0 46.0 46.0 46.0 46.0 -2.0 -4.0 4.0 41.0 9.0 2.0 4.0 6.0 5.0 9.0 7.0 6.0 6.0 5.0 5.0 6.0 7.0 6.0 6.0 22.0 27.0 19.0 17.0 10.0 -5.0 12.0 29.0 28.0 28.0 29.0 17.0 46.0 29.0 32.0 46.0 18.0 16.0 16.0 46.0 9.0 -5.0 -4.0 44.0 44.0 11.0 4.0 3.0 5.0 5.0 24.0 23.0 22.0 25.0 10.0 38.0 39.0 38.0 31.0 6.0 16.0 23.0 21.0 -6.0 44.0 23.0 26.0 28.0 30.0 31.0 17.0 17.0 -1.0 47.0 46.0 22.0 18.0 30.0 22.0 22.0 47.0 47.0 46.0 15.0 5.0 -5.0 15.0 45.0 27.0 23.0 24.0 26.0 30.0 34.0 44.0 -2.0 -3.0 47.0 -4.0 -5.0 4.0 37.0 23.0 12.0 23.0 24.0 25.0 26.0 29.0 32.0 35.0 41.0 47.0 47.0 47.0 43.0 44.0 15.0 23.0 45.0 44.0 40.0 31.0 -5.0 2.0 -17.0 -2.0 16.0 22.0 24.0 25.0 26.0 13.0 28.0 26.0 24.0 23.0 23.0 19.0 17.0 19.0 23.0 25.0 13.0 30.0 30.0 9.0 13.0 39.0 25.0 -15.0 -7.0 -1.0 1.0 2.0 17.0 19.0 -13.0 -1.0 -7.0 10.0 24.0 -14.0 -7.0 -2.0 24.0 -14.0 20.0 10.0 3.0 4.0 5.0 4.0 5.0 5.0 7.0 22.0 27.0 -4.0 -7.0 -4.0 -4.0 -3.0 -3.0 -3.0 -4.0 -3.0 -4.0 -3.0 -3.0 -2.0 -4.0 -2.0 -3.0 -3.0 -4.0 -3.0 -3.0 -4.0 -1.0 -1.0 -1.0 21.0 -18.0 -4.0 -8.0 5.0 7.0 7.0 -4.0 -7.0 25.0 6.0 -2.0 -2.0 45.0 4.0 9.0 8.0 25.0 -7.0 -5.0 -1.0 1.0 1.0 1.0 -1.0 1.0 2.0 4.0 6.0 5.0 3.0 4.0 5.0 4.0 4.0 4.0 2.0 3.0 3.0 3.0 3.0 -1.0 -2.0 -1.0 2.0 1.0 4.0 4.0 4.0 5.0 5.0 5.0 6.0 6.0 7.0 4.0 5.0 4.0 7.0 5.0 6.0 5.0 25.0 25.0 25.0 25.0 25.0 25.0 25.0 25.0 25.0 25.0 25.0 25.0 25.0 25.0 25.0 25.0 25.0 25.0 25.0 25.0 25.0 25.0 25.0 25.0 25.0 25.0 25.0 25.0 25.0 25.0 25.0 25.0 25.0


# name: RPM
# type: matrix
# rows: 1
# columns: 2627
 758.0 746.0 750.0 754.0 758.0 752.0 740.0 742.0 737.0 743.0 742.0 739.0 739.0 746.0 739.0 747.0 748.0 748.0 748.0 749.0 753.0 755.0 766.0 740.0 740.0 741.0 751.0 1037.0 1050.0 811.0 835.0 1060.0 1277.0 1313.0 1353.0 1288.0 1308.0 1362.0 1493.0 1734.0 2033.0 2264.0 2106.0 1561.0 1542.0 1635.0 1785.0 1941.0 2203.0 2389.0 2394.0 2327.0 2244.0 2151.0 2046.0 1934.0 1779.0 1623.0 1402.0 1294.0 1275.0 1306.0 1406.0 1512.0 1631.0 1719.0 1738.0 1922.0 2180.0 2525.0 2969.0 3486.0 4005.0 4068.0 3036.0 3242.0 3497.0 3742.0 4007.0 4280.0 4149.0 3492.0 3552.0 3740.0 3915.0 3504.0 2557.0 2594.0 2587.0 2582.0 2577.0 2548.0 2533.0 2502.0 2478.0 2459.0 2423.0 2403.0 2383.0 2357.0 2337.0 2316.0 2292.0 2309.0 2297.0 2322.0 2365.0 2410.0 2420.0 2398.0 2400.0 2409.0 2380.0 2367.0 2365.0 2343.0 2360.0 2341.0 2348.0 2337.0 2347.0 2351.0 2351.0 2343.0 2358.0 2347.0 2355.0 2350.0 2358.0 2352.0 2326.0 2339.0 2336.0 2335.0 2323.0 2325.0 2330.0 2310.0 2301.0 2293.0 2286.0 2266.0 2254.0 2242.0 2227.0 2218.0 2189.0 2148.0 2116.0 2088.0 2068.0 2045.0 2025.0 2008.0 2001.0 1983.0 1952.0 1870.0 1623.0 1286.0 849.0 769.0 777.0 1179.0 879.0 764.0 795.0 1069.0 1847.0 1638.0 1271.0 1942.0 2319.0 2236.0 2058.0 1898.0 1438.0 1889.0 2023.0 1789.0 1557.0 1336.0 1204.0 1065.0 776.0 793.0 1389.0 1241.0 812.0 828.0 1275.0 992.0 1646.0 1027.0 2232.0 1596.0 918.0 1695.0 1012.0 793.0 770.0 763.0 760.0 751.0 739.0 738.0 744.0 735.0 738.0 749.0 753.0 750.0 746.0 758.0 744.0 760.0 747.0 754.0 758.0 749.0 767.0 746.0 756.0 758.0 736.0 743.0 758.0 754.0 749.0 746.0 752.0 745.0 756.0 882.0 1446.0 1486.0 1783.0 1972.0 1340.0 1529.0 1614.0 1702.0 1762.0 1849.0 1989.0 2228.0 2430.0 2052.0 1546.0 1642.0 1737.0 1832.0 1919.0 2001.0 2086.0 2160.0 2227.0 2289.0 2349.0 2411.0 2481.0 2478.0 1991.0 1731.0 1778.0 1835.0 1876.0 1895.0 1916.0 1942.0 1966.0 1991.0 2005.0 2024.0 2035.0 2045.0 2046.0 2045.0 2044.0 2049.0 2051.0 2056.0 2065.0 2073.0 2075.0 2079.0 2083.0 2080.0 2069.0 2058.0 2049.0 2037.0 2022.0 2016.0 2009.0 2003.0 2001.0 1998.0 1999.0 1995.0 1997.0 1989.0 1992.0 1993.0 2007.0 1933.0 1972.0 1921.0 1870.0 1841.0 1849.0 1876.0 1886.0 1915.0 1938.0 1957.0 1961.0 1961.0 1979.0 1963.0 1970.0 1969.0 1968.0 1969.0 1963.0 1985.0 1938.0 1911.0 1904.0 1926.0 1948.0 1955.0 1947.0 1937.0 1927.0 1925.0 1924.0 1925.0 1916.0 1929.0 1958.0 1982.0 1986.0 1985.0 1985.0 1967.0 1955.0 1955.0 1951.0 1948.0 1947.0 1953.0 1953.0 1952.0 1990.0 2034.0 2081.0 2091.0 2068.0 2047.0 2020.0 2009.0 2008.0 1997.0 2015.0 2012.0 2010.0 2027.0 2018.0 2036.0 2095.0 2163.0 2237.0 2320.0 2398.0 2472.0 2501.0 2514.0 2529.0 2530.0 2535.0 2532.0 2530.0 2525.0 2529.0 2519.0 2520.0 2514.0 2511.0 2505.0 2501.0 2501.0 2497.0 2496.0 2493.0 2487.0 2483.0 2476.0 2474.0 2467.0 2460.0 2449.0 2449.0 2452.0 2449.0 2449.0 2451.0 2446.0 2359.0 2387.0 2399.0 2407.0 2426.0 2440.0 2439.0 2433.0 2436.0 2431.0 2428.0 2423.0 2423.0 2437.0 2453.0 2461.0 2463.0 2456.0 2454.0 2459.0 2464.0 2454.0 2474.0 2496.0 2502.0 2507.0 2502.0 2513.0 2523.0 2508.0 2504.0 2502.0 2501.0 2502.0 2502.0 2497.0 2488.0 2488.0 2479.0 2468.0 2453.0 2453.0 2519.0 2596.0 2669.0 2728.0 2802.0 2823.0 2782.0 2714.0 2384.0 2619.0 2756.0 2788.0 2831.0 2874.0 2924.0 2946.0 2966.0 2981.0 2987.0 2990.0 2994.0 3001.0 2999.0 3000.0 3007.0 3011.0 3012.0 3011.0 3013.0 3020.0 3022.0 3017.0 3020.0 3021.0 3005.0 3008.0 2983.0 2974.0 2967.0 2956.0 2950.0 2943.0 2940.0 2928.0 2933.0 2942.0 2999.0 3013.0 3011.0 3009.0 3008.0 2993.0 2989.0 2982.0 2970.0 2953.0 2951.0 2951.0 2948.0 2948.0 2960.0 2972.0 2993.0 3004.0 3001.0 3005.0 3007.0 3007.0 3018.0 3009.0 2998.0 2978.0 2967.0 2956.0 2953.0 2936.0 2931.0 2938.0 2940.0 2938.0 2942.0 2924.0 2895.0 2838.0 2783.0 2732.0 2681.0 2639.0 2635.0 2706.0 2829.0 2960.0 3088.0 3225.0 3354.0 3337.0 3382.0 3363.0 3373.0 3403.0 3494.0 3484.0 3490.0 3490.0 3496.0 3494.0 3484.0 3483.0 3469.0 3462.0 3457.0 3461.0 3452.0 3453.0 3449.0 3441.0 3436.0 3438.0 3436.0 3430.0 3418.0 3423.0 3422.0 3416.0 3417.0 3347.0 3323.0 3341.0 3329.0 3333.0 3409.0 3437.0 3438.0 3437.0 3436.0 3427.0 3430.0 3419.0 3404.0 3448.0 3455.0 3444.0 3440.0 3429.0 3427.0 3416.0 3410.0 3401.0 3407.0 3452.0 3485.0 3494.0 3503.0 3509.0 3516.0 3525.0 3528.0 3528.0 3539.0 3557.0 3533.0 3514.0 3506.0 3492.0 3482.0 3480.0 3476.0 3481.0 3470.0 3467.0 3465.0 3461.0 3446.0 3431.0 3399.0 3353.0 3347.0 3350.0 3363.0 3369.0 3370.0 3362.0 3357.0 3361.0 3354.0 3358.0 3363.0 3361.0 3366.0 3370.0 3370.0 3402.0 3453.0 3564.0 3696.0 3826.0 3839.0 3901.0 3935.0 3937.0 3931.0 3908.0 3892.0 3877.0 3862.0 3849.0 3836.0 3848.0 3870.0 3927.0 3974.0 3991.0 4005.0 4017.0 4020.0 4023.0 4028.0 4033.0 4040.0 4044.0 3994.0 3970.0 3905.0 3845.0 3786.0 3727.0 3668.0 3620.0 3543.0 3433.0 3313.0 3198.0 3117.0 3054.0 3041.0 3033.0 3036.0 3044.0 3063.0 3080.0 3080.0 3066.0 2878.0 3655.0 3585.0 3565.0 3547.0 3572.0 3672.0 3820.0 3882.0 3901.0 3877.0 3854.0 3449.0 3255.0 3398.0 3543.0 3688.0 3778.0 3831.0 3872.0 3905.0 3942.0 3937.0 3919.0 3897.0 3885.0 3916.0 3952.0 3962.0 3957.0 3956.0 3949.0 3944.0 3935.0 3935.0 3930.0 3924.0 3923.0 3843.0 3849.0 3839.0 3877.0 3912.0 3934.0 3946.0 3952.0 3957.0 3960.0 3963.0 3962.0 3970.0 3988.0 3980.0 3991.0 3994.0 4000.0 4001.0 4001.0 4021.0 4041.0 4050.0 4050.0 4047.0 4043.0 4036.0 4025.0 4021.0 4040.0 4024.0 3994.0 3970.0 3957.0 3959.0 3952.0 3941.0 3946.0 3787.0 3593.0 3533.0 3474.0 3422.0 3370.0 3319.0 3325.0 3334.0 3411.0 3508.0 3613.0 3711.0 3788.0 3833.0 3848.0 3839.0 3796.0 3763.0 3750.0 3740.0 3724.0 3734.0 3724.0 3723.0 3720.0 3737.0 3745.0 3767.0 3686.0 3031.0 3026.0 3024.0 3026.0 3031.0 3037.0 3046.0 3045.0 3046.0 3042.0 3044.0 3041.0 3046.0 3049.0 3055.0 3054.0 3043.0 3039.0 3038.0 3041.0 3043.0 3042.0 3048.0 3048.0 3051.0 3059.0 3064.0 3063.0 3059.0 3061.0 3059.0 3064.0 3064.0 3059.0 3050.0 3047.0 3040.0 3044.0 3039.0 3049.0 3054.0 3057.0 3064.0 3062.0 3074.0 3076.0 3075.0 3070.0 3068.0 3069.0 3064.0 3071.0 3067.0 3074.0 3076.0 3083.0 3085.0 3102.0 3113.0 3118.0 3113.0 3113.0 3095.0 3095.0 3066.0 3034.0 2936.0 2793.0 2730.0 2728.0 2747.0 2815.0 2888.0 2972.0 3041.0 3058.0 3056.0 3048.0 3017.0 2986.0 2943.0 2939.0 2914.0 2905.0 2913.0 2920.0 2946.0 2974.0 3011.0 3011.0 3015.0 3043.0 3043.0 3051.0 3036.0 3038.0 3023.0 2999.0 2977.0 2945.0 2915.0 2875.0 2814.0 2380.0 2310.0 3593.0 3295.0 3049.0 2780.0 2510.0 2108.0 1806.0 2163.0 1866.0 989.0 912.0 1444.0 1531.0 1749.0 2029.0 2078.0 2049.0 2036.0 2001.0 1997.0 2085.0 2122.0 2272.0 2588.0 3005.0 3639.0 4170.0 4467.0 3627.0 3342.0 3266.0 2893.0 2167.0 1931.0 2516.0 2454.0 2358.0 2382.0 2394.0 2381.0 2382.0 2386.0 2374.0 2353.0 2234.0 2065.0 1912.0 1762.0 1623.0 1483.0 1338.0 1194.0 1128.0 1214.0 1350.0 1461.0 1595.0 1741.0 1946.0 2159.0 2388.0 2569.0 2687.0 2129.0 1921.0 2079.0 2215.0 2376.0 2543.0 2734.0 2732.0 2092.0 2403.0 2514.0 2632.0 2777.0 2944.0 3120.0 3209.0 3229.0 3254.0 3299.0 3343.0 3380.0 3427.0 3490.0 3558.0 3623.0 3694.0 3737.0 3789.0 3885.0 4040.0 4149.0 4194.0 4235.0 4333.0 4400.0 4419.0 4435.0 4467.0 4481.0 4488.0 4497.0 4512.0 4526.0 4541.0 4552.0 4506.0 4399.0 4173.0 4090.0 4060.0 4146.0 4238.0 4392.0 4444.0 4435.0 4421.0 4421.0 4412.0 4411.0 4406.0 4397.0 4395.0 4433.0 4439.0 4454.0 4467.0 4472.0 4470.0 4463.0 4470.0 4508.0 4532.0 4548.0 4557.0 4550.0 4543.0 4530.0 4532.0 4565.0 4559.0 4532.0 4528.0 4523.0 4506.0 4494.0 4476.0 4476.0 4462.0 4456.0 4474.0 4497.0 4513.0 4598.0 4778.0 4920.0 4999.0 5010.0 5015.0 5012.0 5026.0 5035.0 5039.0 5044.0 5039.0 5033.0 5019.0 5006.0 4983.0 4880.0 4953.0 5008.0 5026.0 5033.0 5012.0 4955.0 4935.0 4914.0 4912.0 4912.0 4916.0 4927.0 4925.0 4929.0 4931.0 4940.0 4940.0 4935.0 4942.0 4940.0 4938.0 4938.0 4933.0 4929.0 4920.0 4914.0 4929.0 4935.0 4979.0 5001.0 5010.0 5015.0 5008.0 5006.0 5010.0 5024.0 5024.0 5015.0 5008.0 4992.0 4968.0 4959.0 4957.0 4981.0 5015.0 5021.0 4992.0 4992.0 4988.0 4988.0 4986.0 5001.0 5019.0 5080.0 5200.0 5361.0 5476.0 5527.0 5530.0 5533.0 5577.0 5571.0 5574.0 5585.0 5423.0 5492.0 5544.0 5593.0 5641.0 5692.0 5647.0 5618.0 5604.0 5582.0 5577.0 5568.0 5566.0 5563.0 5566.0 5635.0 5777.0 5939.0 5929.0 6012.0 6012.0 6025.0 5933.0 5880.0 5986.0 6025.0 6038.0 6034.0 6051.0 6047.0 6051.0 6051.0 6051.0 6060.0 6080.0 5939.0 5852.0 5724.0 5395.0 4265.0 3695.0 3637.0 3574.0 3510.0 3449.0 3391.0 3327.0 3266.0 3216.0 3159.0 3114.0 3084.0 3040.0 3017.0 3004.0 2997.0 2997.0 2991.0 2988.0 2993.0 2997.0 3005.0 3007.0 3009.0 3016.0 3024.0 3026.0 3022.0 3027.0 3023.0 3028.0 3030.0 3031.0 3031.0 3026.0 3013.0 2966.0 2941.0 2934.0 2964.0 3002.0 3001.0 3003.0 2992.0 2971.0 2959.0 2954.0 2946.0 2949.0 2936.0 2914.0 2862.0 2831.0 2805.0 2784.0 2836.0 2873.0 2960.0 3039.0 3116.0 3187.0 3269.0 3349.0 3433.0 3507.0 3580.0 3659.0 3730.0 3802.0 3784.0 3620.0 3386.0 3148.0 2967.0 2904.0 3289.0 3490.0 3498.0 3391.0 3423.0 3494.0 3633.0 3769.0 3915.0 4041.0 4183.0 4316.0 4447.0 4572.0 4694.0 4815.0 4940.0 4882.0 4794.0 4619.0 4382.0 4077.0 3795.0 3591.0 3423.0 3328.0 3730.0 4005.0 4194.0 4406.0 4623.0 4819.0 5024.0 5212.0 5400.0 5579.0 5450.0 4724.0 3725.0 3677.0 3606.0 3545.0 3485.0 3435.0 3380.0 3317.0 3321.0 3274.0 3268.0 3254.0 3156.0 3189.0 3134.0 3091.0 3036.0 3042.0 3094.0 3176.0 3250.0 3335.0 3409.0 3492.0 3575.0 3611.0 3577.0 3509.0 3392.0 3264.0 3193.0 3216.0 3309.0 3376.0 3459.0 3473.0 3397.0 3351.0 3295.0 3247.0 3204.0 3167.0 3181.0 3196.0 3226.0 3273.0 3320.0 3362.0 3301.0 3454.0 5258.0 5113.0 5303.0 5487.0 5664.0 5831.0 5989.0 6150.0 6305.0 5635.0 5283.0 5379.0 5471.0 5568.0 5169.0 4400.0 4336.0 4264.0 4197.0 4121.0 4056.0 3991.0 3930.0 3888.0 3839.0 3809.0 3775.0 3742.0 3719.0 3690.0 3667.0 3647.0 3642.0 3594.0 3552.0 3495.0 3437.0 3382.0 3325.0 3271.0 3219.0 3170.0 3127.0 3216.0 3295.0 3378.0 3452.0 3535.0 3619.0 3692.0 3767.0 3846.0 3923.0 3987.0 4062.0 4129.0 4195.0 4264.0 4225.0 4088.0 3904.0 3733.0 3565.0 3405.0 3257.0 3109.0 3006.0 2911.0 2841.0 2796.0 2758.0 2707.0 2762.0 2836.0 2910.0 2991.0 3067.0 3150.0 3226.0 3308.0 3389.0 3468.0 3537.0 3611.0 3686.0 3759.0 3827.0 3896.0 3959.0 4024.0 4094.0 4156.0 4214.0 4275.0 4338.0 4390.0 4439.0 4495.0 4554.0 4606.0 4661.0 4714.0 4760.0 4809.0 4852.0 4897.0 4946.0 4988.0 5026.0 5064.0 5106.0 5138.0 5186.0 5217.0 5181.0 4903.0 4610.0 4385.0 4180.0 4103.0 4044.0 3913.0 3568.0 3128.0 2693.0 2508.0 2465.0 2453.0 2464.0 2474.0 2483.0 2492.0 2505.0 2507.0 2530.0 2548.0 2575.0 2608.0 2644.0 2684.0 2735.0 2789.0 2812.0 2809.0 2820.0 2758.0 2696.0 2635.0 2565.0 2392.0 2175.0 2157.0 2191.0 2249.0 2282.0 2192.0 2037.0 1938.0 2497.0 2593.0 2843.0 3256.0 3472.0 3695.0 3922.0 4150.0 4072.0 3477.0 3532.0 3488.0 2828.0 2912.0 2973.0 2971.0 2899.0 2660.0 2492.0 2507.0 2479.0 2509.0 2543.0 2558.0 2585.0 2600.0 2609.0 2610.0 2612.0 2608.0 2603.0 2585.0 2569.0 2556.0 2543.0 2537.0 2532.0 2520.0 2512.0 2475.0 2438.0 2401.0 2360.0 2325.0 2339.0 2355.0 2369.0 2390.0 2427.0 2453.0 2484.0 2508.0 2532.0 2548.0 2565.0 2583.0 2589.0 2600.0 2594.0 2592.0 2577.0 2582.0 2594.0 2600.0 2608.0 2601.0 2596.0 2592.0 2580.0 2568.0 2555.0 2543.0 2540.0 2512.0 2527.0 2528.0 2543.0 2579.0 2621.0 2688.0 2754.0 2828.0 2881.0 2911.0 2927.0 2938.0 2946.0 2950.0 2950.0 2944.0 2935.0 2922.0 2906.0 2891.0 2878.0 2864.0 2851.0 2841.0 2833.0 2829.0 2821.0 2814.0 2799.0 2791.0 2780.0 2767.0 2747.0 2730.0 2715.0 2699.0 2693.0 2697.0 2708.0 2723.0 2724.0 2725.0 2712.0 2719.0 2716.0 2707.0 2705.0 2702.0 2700.0 2704.0 2701.0 2704.0 2705.0 2705.0 2715.0 2719.0 2724.0 2720.0 2718.0 2709.0 2698.0 2690.0 2672.0 2620.0 2579.0 2528.0 2481.0 2430.0 2406.0 2400.0 2393.0 2403.0 2440.0 2472.0 2524.0 2584.0 2600.0 2581.0 2570.0 2568.0 2555.0 2566.0 2566.0 2591.0 2596.0 2597.0 2598.0 2610.0 2610.0 2615.0 2606.0 2604.0 2600.0 2602.0 2616.0 2644.0 2669.0 2685.0 2701.0 2713.0 2726.0 2734.0 2737.0 2734.0 2732.0 2728.0 2724.0 2726.0 2723.0 2724.0 2724.0 2726.0 2733.0 2732.0 2743.0 2750.0 2757.0 2760.0 2769.0 2764.0 2773.0 2767.0 2762.0 2750.0 2744.0 2733.0 2734.0 2727.0 2727.0 2721.0 2712.0 2714.0 2714.0 2710.0 2718.0 2722.0 2727.0 2737.0 2750.0 2756.0 2769.0 2788.0 2787.0 2791.0 2778.0 2773.0 2760.0 2752.0 2746.0 2745.0 2742.0 2738.0 2731.0 2732.0 2732.0 2730.0 2729.0 2728.0 2729.0 2727.0 2730.0 2731.0 2734.0 2727.0 2747.0 2751.0 2756.0 2758.0 2761.0 2774.0 2775.0 2784.0 2785.0 2786.0 2793.0 2800.0 2806.0 2810.0 2815.0 2818.0 2810.0 2809.0 2801.0 2800.0 2799.0 2797.0 2790.0 2791.0 2791.0 2795.0 2786.0 2791.0 2781.0 2780.0 2775.0 2767.0 2764.0 2758.0 2762.0 2762.0 2753.0 2750.0 2746.0 2744.0 2750.0 2750.0 2751.0 2753.0 2757.0 2759.0 2757.0 2747.0 2741.0 2734.0 2714.0 2711.0 2705.0 2703.0 2706.0 2705.0 2697.0 2695.0 2699.0 2698.0 2708.0 2707.0 2699.0 2685.0 2662.0 2629.0 2600.0 2606.0 2598.0 2590.0 2569.0 2561.0 2568.0 2567.0 2573.0 2578.0 2584.0 2591.0 2598.0 2604.0 2600.0 2607.0 2616.0 2630.0 2642.0 2649.0 2654.0 2660.0 2667.0 2666.0 2670.0 2674.0 2673.0 2662.0 2650.0 2634.0 2640.0 2642.0 2640.0 2640.0 2643.0 2644.0 2642.0 2645.0 2653.0 2660.0 2671.0 2676.0 2674.0 2674.0 2672.0 2666.0 2637.0 2621.0 2623.0 2616.0 2614.0 2616.0 2633.0 2645.0 2655.0 2666.0 2703.0 2637.0 2685.0 2654.0 2659.0 2650.0 2644.0 2642.0 2636.0 2637.0 2597.0 2553.0 2555.0 2559.0 2573.0 2577.0 2577.0 2574.0 2577.0 2581.0 2572.0 2570.0 2565.0 2555.0 2551.0 2542.0 2537.0 2519.0 2528.0 2536.0 2538.0 2488.0 2469.0 2473.0 2478.0 2490.0 2482.0 2487.0 2491.0 2490.0 2498.0 2514.0 2512.0 2519.0 2509.0 2495.0 2468.0 2405.0 2384.0 2342.0 2295.0 2243.0 2207.0 2165.0 2125.0 2086.0 1906.0 1095.0 770.0 767.0 2161.0 2617.0 2482.0 2775.0 3066.0 3387.0 3497.0 2834.0 2731.0 2672.0 2621.0 2745.0 2744.0 2555.0 2350.0 2082.0 2044.0 2066.0 2178.0 2282.0 2342.0 2394.0 2381.0 2356.0 2350.0 2335.0 2350.0 2360.0 2375.0 2381.0 2380.0 2300.0 2082.0 1792.0 1749.0 1689.0 1651.0 1906.0 1974.0 1934.0 1963.0 2099.0 2244.0 2010.0 1841.0 1399.0 1471.0 1601.0 1658.0 1636.0 1588.0 1557.0 1279.0 744.0 742.0 879.0 1966.0 1925.0 2040.0 2088.0 2110.0 2078.0 1974.0 1977.0 1985.0 1929.0 1969.0 1920.0 1765.0 1635.0 1516.0 1384.0 1187.0 786.0 780.0 778.0 765.0 768.0 769.0 760.0 760.0 762.0 1024.0 1495.0 1240.0 1451.0 1845.0 1562.0 853.0 961.0 1318.0 1546.0 1901.0 2285.0 2541.0 2511.0 2293.0 2007.0 1956.0 2164.0 2253.0 1603.0 1619.0 1521.0 1478.0 1465.0 1467.0 1550.0 1653.0 1714.0 1735.0 1781.0 1874.0 1948.0 2023.0 2077.0 2106.0 2152.0 2197.0 2293.0 2341.0 2369.0 2356.0 2371.0 2298.0 2278.0 2242.0 2240.0 2259.0 2261.0 2254.0 2242.0 2222.0 2174.0 2186.0 2255.0 2329.0 2405.0 2485.0 2626.0 2754.0 2879.0 2999.0 3216.0 3537.0 3873.0 4192.0 4521.0 4404.0 3712.0 3609.0 3552.0 3467.0 3394.0 3309.0 3201.0 3122.0 2982.0 2887.0 2819.0 2752.0 2696.0 2681.0 2681.0 2657.0 2624.0 2621.0 2631.0 2632.0 2622.0 2595.0 2621.0 2677.0 2764.0 2855.0 2953.0 3058.0 3154.0 3257.0 3352.0 3342.0 2798.0 2830.0 2805.0 2851.0 2909.0 2967.0 3015.0 3068.0 3117.0 3178.0 3108.0 2307.0 2568.0 2572.0 2591.0 2598.0 2605.0 2613.0 2626.0 2630.0 2635.0 2640.0 2647.0 2651.0 2649.0 2638.0 2585.0 2558.0 2516.0 2509.0 2493.0 2464.0 2453.0 2440.0 2434.0 2423.0 2417.0 2403.0 2395.0 2384.0 2386.0 2388.0 2381.0 2381.0 2386.0 2395.0 2403.0 2408.0 2414.0 2410.0 2421.0 2377.0 2362.0 2331.0 2329.0 2288.0 2256.0 2220.0 2184.0 2149.0 2118.0 2085.0 2051.0 2070.0 2131.0 2196.0 2276.0 2338.0 2420.0 2479.0 2545.0 2585.0 2608.0 2627.0 2644.0 2658.0 2649.0 2628.0 2603.0 2570.0 2541.0 2525.0 2523.0 2531.0 2544.0 2567.0 2555.0 2540.0 2504.0 2476.0 2490.0 2523.0 2565.0 2510.0 2461.0 2413.0 2362.0 2312.0 2274.0 2297.0 2345.0 2406.0 2466.0 2528.0 2544.0 2520.0 2502.0 2496.0 2493.0 2493.0 2496.0 2508.0 2517.0 2519.0 2528.0 2527.0 2532.0 2529.0 2534.0 2539.0 2554.0 2559.0 2571.0 2587.0 2592.0 2598.0 2597.0 2601.0 2600.0 2559.0 2540.0 2486.0 2440.0 2391.0 2394.0 2326.0 2283.0 2250.0 2210.0 2113.0 2089.0 2087.0 2063.0 2077.0 2105.0 2133.0 2134.0 2131.0 2075.0 1951.0 1352.0 877.0 1465.0 1890.0 1672.0 1517.0 1429.0 1238.0 1182.0 1447.0 1329.0 981.0 730.0 743.0 733.0 1016.0 1058.0 1222.0 1495.0 1889.0 2342.0 2882.0 3477.0 4109.0 3719.0 2993.0 3062.0 3150.0 3161.0 3172.0 3102.0 2553.0 2575.0 2576.0 2537.0 2514.0 2491.0 2438.0 2349.0 2234.0 2110.0 2033.0 1969.0 1916.0 1843.0 1775.0 1698.0 1627.0 1529.0 940.0 737.0 744.0 735.0 738.0 744.0 738.0 734.0 738.0 907.0 1868.0 1812.0 2047.0 2817.0 2353.0 1781.0 1888.0 1993.0 2078.0 2155.0 2249.0 2274.0 2243.0 2162.0 2079.0 1997.0 1915.0 1876.0 1854.0 1821.0 1794.0 1789.0 1791.0 1692.0 1028.0 770.0 761.0 759.0 749.0 752.0 748.0 749.0 757.0 755.0 760.0 765.0 759.0 754.0 756.0 763.0 857.0 1690.0 1339.0 1975.0 2454.0 1673.0 1703.0 1895.0 2059.0 2261.0 2508.0 2284.0 1707.0 1798.0 1821.0 1833.0 1821.0 1773.0 1727.0 1698.0 1626.0 1569.0 1495.0 1406.0 1281.0 791.0 755.0 749.0 764.0 759.0 896.0 888.0 1024.0 1152.0 1148.0 1167.0 1128.0 1110.0 1012.0 1056.0 1338.0 1701.0 2247.0 2104.0 1455.0 1573.0 1746.0 1883.0 2013.0 2134.0 2248.0 2182.0 2085.0 1953.0 1814.0 1809.0 1800.0 1923.0 1969.0 1961.0 1914.0 1903.0 1871.0 1859.0 1748.0 1613.0 1521.0 1462.0 1514.0 1633.0 1817.0 2008.0 2175.0 2277.0 2274.0 2189.0 2040.0 1863.0 1688.0 1515.0 1390.0 1273.0 1386.0 1520.0 1666.0 1787.0 1937.0 2052.0 2139.0 2194.0 2189.0 2178.0 2091.0 1997.0 1948.0 1886.0 1826.0 1708.0 1591.0 1457.0 1388.0 1302.0 1294.0 1209.0 790.0 1179.0 1035.0 1128.0 1216.0 1280.0 1317.0 1339.0 1328.0 1263.0 1255.0 1298.0 1306.0 1306.0 1317.0 1369.0 1404.0 1459.0 1447.0 1411.0 1435.0 1448.0 1402.0 1245.0 1081.0 990.0 707.0 665.0 715.0 730.0 726.0 1114.0 705.0 735.0 840.0 741.0 1055.0 1757.0 898.0 752.0 1485.0 2139.0 1729.0 1214.0 763.0 746.0 743.0 735.0 759.0 744.0 753.0 1062.0 1424.0 1445.0 743.0 757.0 750.0 753.0 744.0 751.0 749.0 745.0 753.0 751.0 754.0 747.0 751.0 763.0 758.0 752.0 749.0 749.0 745.0 744.0 750.0 762.0 760.0 770.0 813.0 2306.0 1698.0 1079.0 785.0 780.0 2111.0 2036.0 1203.0 756.0 1803.0 2774.0 2045.0 1351.0 872.0 784.0 779.0 640.0 822.0 812.0 798.0 799.0 798.0 797.0 791.0 790.0 774.0 787.0 773.0 774.0 778.0 773.0 764.0 776.0 775.0 776.0 775.0 768.0 772.0 771.0 785.0 780.0 792.0 790.0 773.0 782.0 771.0 767.0 766.0 765.0 762.0 768.0 762.0 767.0 768.0 769.0 764.0 770.0 765.0 770.0 770.0 765.0 381.0 0.0 0.0 0.0 0.0 0.0 0.0 0.0 0.0 0.0 0.0 0.0 0.0 0.0 0.0 0.0 0.0 0.0 0.0 0.0 0.0 0.0 0.0 0.0 0.0 0.0 0.0 0.0 0.0 0.0 0.0 0.0 0.0

